0.995309
0.910728
0.618476
0.376028
0.070729
0.003145
-0.355533
-0.457176
-0.367685
-0.410805
-0.402842
-0.238761
-0.160839
-0.106639
-0.184505
-0.132695
-0.126542
-0.074762
-0.032312
0.012594
-0.137376
-0.099134
-0.059803
0.079588
-0.033179
0.097757
-0.014119
0.004095
0.180996
0.196439
0.157763
0.154940
0.149447
0.254556
0.279726
0.149179
0.172581
0.243230
0.352311
0.329354
0.407645
0.247164
0.339814
0.275690
0.224974
0.374003
0.304325
0.231504
0.186693
0.201152
0.124993
0.219214
0.113513
0.191917
0.075732
0.075556
-0.020589
-0.048254
-0.038642
-0.041972
-0.101631
-0.065347
-0.137621
-0.141386
-0.155032
0.012400
-0.105488
-0.048832
-0.090991
0.024481
-0.016643
0.013051
-0.043772
-0.024802
-0.083607
-0.116057
-0.132961
-0.122676
0.033309
-0.143850
0.029927
-0.035459
0.029297
-0.033533
-0.042475
0.053115
-0.010354
0.047802
0.135774
0.149323
0.054148
0.116429
0.218046
0.104168
0.244008
0.283278
0.220041
0.240741
0.298874
0.321645
0.273204
0.170973
0.183036
0.112590
0.140436
0.030082
0.001394
0.094019
0.068791
-0.057782
0.030642
0.002246
0.049576
-0.009373
-0.103461
-0.164336
-0.210176
-0.138709
-0.158663
-0.259185
-0.208899
-0.143713
-0.058924
0.143963
0.413194
0.796509
0.914485
1.014145
0.926307
0.893060
0.593299
0.305469
0.090388
-0.081832
-0.281342
-0.374219
-0.349445
-0.197780
-0.146390
-0.210095
-0.101225
-0.049398
0.026864
-0.085463
-0.007395
-0.080125
0.073617
0.006744
-0.011489
-0.027869
-0.011932
0.175500
0.050141
0.221030
0.119363
0.266116
0.166184
0.134070
0.267768
0.279980
0.373047
0.253817
0.391420
0.321793
0.462697
0.448841
0.434361
0.342092
0.305878
0.344940
0.406822
0.314339
0.453196
0.451322
0.319836
0.328458
0.214650
0.254060
0.265556
0.196833
0.256569
0.277762
0.185582
0.101191
0.211469
0.017506
0.110208
0.156421
0.053464
0.126580
-0.023112
0.028313
0.105570
-0.033188
0.089784
-0.047346
0.013116
0.101230
0.067697
0.026987
0.050377
-0.054912
-0.020852
-0.062252
0.104155
-0.059175
0.051873
-0.029141
0.071137
0.086336
0.121686
0.046998
0.183523
0.174342
0.058042
0.115928
0.264512
0.129399
0.289167
0.174311
0.327639
0.323256
0.358052
0.397540
0.248828
0.213894
0.366943
0.280434
0.189377
0.164602
0.147194
0.134238
0.271506
0.111162
0.151950
0.182554
0.043298
0.125916
0.047477
0.012105
0.056558
-0.027374
-0.119074
0.013770
-0.112786
-0.129361
-0.139237
-0.082040
0.197972
0.291615
0.613145
0.875463
1.149473
1.090097
1.028538
0.839183
0.616703
0.298971
0.028667
-0.060038
-0.241772
-0.131308
-0.200723
-0.161091
-0.071459
-0.008089
0.070726
0.111565
-0.015650
-0.017855
0.036942
0.105783
0.070927
0.192414
0.032268
0.234736
0.185920
0.194052
0.119712
0.116767
0.247411
0.161723
0.321421
0.245571
0.277369
0.441161
0.308072
0.452341
0.319854
0.390688
0.536784
0.408387
0.387796
0.489915
0.498983
0.542676
0.541578
0.363637
0.492570
0.497188
0.403937
0.302533
0.283752
0.282399
0.373865
0.275040
0.334283
0.174035
0.267197
0.127670
0.243631
0.164663
0.228980
0.034604
0.190677
0.061846
-0.002233
0.177851
0.114841
0.069363
0.104827
0.055289
0.029760
-0.005800
0.017775
0.062334
0.163771
0.077664
0.118408
0.070370
0.162850
0.152155
0.028750
0.028501
0.150234
0.103992
0.062549
0.180637
0.197477
0.275221
0.236326
0.235817
0.278087
0.382466
0.311422
0.296579
0.439194
0.452704
0.440439
0.411047
0.391303
0.394956
0.320590
0.294583
0.236563
0.345690
0.333196
0.310039
0.118079
0.086632
0.088226
0.143759
0.036634
0.009219
0.007724
0.087811
-0.053818
0.027655
-0.029184
-0.159553
-0.127913
-0.062696
-0.004089
0.290521
0.466370
0.647813
1.028946
1.226545
1.095571
1.099892
0.747775
0.415722
0.247132
0.115783
-0.054016
-0.188898
-0.126771
-0.132513
-0.080445
0.078519
0.052608
0.125274
0.131581
0.030196
0.150405
0.100025
0.056948
0.170849
0.154820
0.082260
0.189872
0.165308
0.292075
0.142971
0.202950
0.360770
0.251152
0.294340
0.322884
0.437051
0.413447
0.482885
0.356823
0.395256
0.497542
0.396396
0.541035
0.518536
0.559400
0.430059
0.540152
0.535106
0.547798
0.442215
0.376061
0.379047
0.360549
0.361335
0.320890
0.348690
0.386270
0.231068
0.198374
0.310280
0.289168
0.145121
0.079157
0.202378
0.056352
0.108423
0.099306
0.133162
0.038447
0.132386
0.038883
0.035469
0.100590
0.066617
0.201266
0.115908
0.101963
0.075264
0.108568
0.172264
0.052674
0.026951
0.168991
0.154540
0.124253
0.234503
0.159345
0.262107
0.195713
0.301566
0.278346
0.299360
0.184682
0.314750
0.310792
0.372636
0.370681
0.315484
0.387709
0.449192
0.271306
0.283616
0.397097
0.225757
0.227132
0.237933
0.329581
0.246971
0.104380
0.142542
0.099962
0.099433
0.033737
0.178187
0.144761
0.109296
0.094489
0.041795
-0.124603
-0.091722
-0.146968
-0.082329
0.055280
0.291563
0.547150
0.881199
1.064879
1.190723
1.064013
0.931875
0.660598
0.282849
0.031050
-0.151618
-0.221645
-0.177587
-0.089064
-0.142043
-0.104400
-0.076938
0.137167
0.021282
0.113103
0.040367
0.056637
0.166339
0.059238
0.204361
0.071666
0.263505
0.214416
0.158324
0.294094
0.147116
0.314784
0.364148
0.331519
0.374914
0.346386
0.427685
0.298646
0.355785
0.353327
0.384299
0.552185
0.543621
0.407884
0.515765
0.390904
0.408801
0.408530
0.489666
0.517774
0.500198
0.408939
0.444782
0.320376
0.434600
0.414194
0.207641
0.231455
0.194337
0.159799
0.247004
0.144899
0.082452
0.065991
0.194643
0.189779
0.093340
-0.006629
0.073206
0.013414
0.179027
0.042368
0.166769
0.166843
0.142737
0.169304
-0.009073
0.179727
0.003541
0.046630
0.089008
0.188155
0.111331
0.057507
0.035341
0.049526
0.083585
0.130407
0.139060
0.163473
0.221868
0.210556
0.146955
0.174700
0.269584
0.405282
0.334121
0.420011
0.309444
0.304369
0.417892
0.387931
0.296030
0.374684
0.261427
0.245623
0.212336
0.193309
0.217146
0.074962
0.184313
0.047434
0.104091
0.037699
0.081359
-0.018702
0.094822
-0.119948
-0.135460
-0.078323
-0.145792
-0.129903
-0.012594
0.315890
0.428273
0.682755
0.996425
1.005645
1.028583
0.929306
0.665022
0.475152
0.208889
0.030940
-0.160279
-0.218015
-0.224604
-0.116193
-0.139000
-0.093252
-0.004769
-0.031599
-0.052644
0.014332
-0.005930
0.087351
0.123689
0.065165
0.115537
0.060787
0.115765
0.099814
0.220468
0.223199
0.124161
0.130662
0.245867
0.311086
0.352389
0.352043
0.407419
0.283319
0.310261
0.463733
0.394677
0.351855
0.468479
0.505932
0.491051
0.498709
0.432840
0.358809
0.411363
0.459259
0.316172
0.396573
0.403943
0.302330
0.275749
0.347035
0.258783
0.269065
0.163228
0.123152
0.111709
0.158116
0.032772
0.073568
-0.017229
-0.028699
0.122291
0.059011
0.020179
0.073632
0.037649
0.061860
0.086693
0.054385
0.030994
0.027557
-0.047431
0.114126
0.017942
0.017886
-0.059947
0.038841
0.133137
0.000403
0.100647
-0.016002
0.125454
0.138087
0.108879
0.052712
0.225145
0.102931
0.088436
0.227972
0.251245
0.243638
0.286263
0.324960
0.270430
0.311316
0.273967
0.204711
0.236949
0.258730
0.153832
0.121252
0.137885
0.189988
0.121438
0.106883
-0.002180
-0.017746
0.018405
0.002108
0.115251
0.048033
-0.001935
0.007894
-0.107706
-0.171207
-0.087253
-0.191722
-0.127981
0.115961
0.244966
0.490005
0.775773
0.971470
0.987385
0.965481
0.852690
0.641161
0.213336
0.041342
-0.064946
-0.262203
-0.333144
-0.253227
-0.212162
-0.233731
-0.094564
-0.134453
-0.085669
-0.014630
0.053871
0.044294
0.010029
0.098730
0.121351
0.036354
0.015560
0.158987
0.090149
0.184948
0.072037
0.073337
0.097340
0.209980
0.211462
0.216030
0.314821
0.276948
0.347804
0.411675
0.407008
0.265666
0.462971
0.456297
0.412122
0.288757
0.480680
0.357468
0.351990
0.362551
0.356250
0.420424
0.380029
0.282629
0.339672
0.217814
0.124716
0.151123
0.128509
0.131988
0.113384
0.134208
0.044696
0.139331
-0.013966
0.064445
0.081793
0.004735
0.069118
-0.101067
-0.001243
-0.112175
-0.082280
-0.031507
-0.066379
-0.006035
-0.050743
0.028816
0.004853
-0.064063
-0.097995
-0.108444
-0.068837
-0.004986
0.024621
-0.067990
-0.057857
-0.011324
-0.043912
0.035372
0.027521
0.116786
0.056101
0.165945
0.097322
0.100589
0.286856
0.233839
0.221290
0.171106
0.265678
0.177773
0.197520
0.167652
0.190528
0.175180
0.269556
0.237286
0.192505
0.024563
0.069864
0.043283
0.026738
0.121255
-0.042096
-0.083115
0.038071
-0.136575
0.014743
-0.055290
-0.064043
-0.136768
-0.176022
-0.063676
-0.055803
0.089182
0.268906
0.525312
0.831498
1.048581
1.160626
0.937626
0.696683
0.444443
0.114338
-0.013312
-0.228110
-0.216327
-0.332061
-0.211995
-0.290451
-0.114684
-0.048967
-0.096187
-0.038327
-0.121425
-0.078313
-0.000176
-0.005224
0.083920
0.045462
0.025838
0.067459
-0.026124
-0.017641
0.143516
0.078256
0.048237
0.241928
0.091122
0.117147
0.241571
0.237633
0.177411
0.202794
0.259885
0.254926
0.370366
0.351606
0.287253
0.357971
0.453459
0.384956
0.413147
0.455051
0.365049
0.333544
0.322069
0.317559
0.327817
0.272216
0.272626
0.190443
0.207670
0.088745
0.204223
0.055632
0.054013
0.022076
0.135081
-0.038343
-0.073945
0.030156
-0.100289
-0.079291
0.002336
0.022968
0.059242
0.001791
0.053908
0.016822
0.038904
-0.010417
-0.116389
-0.076895
-0.027917
-0.002627
-0.035302
0.019769
0.011227
0.052253
-0.059629
0.014402
0.000768
0.132411
0.139304
0.148146
0.078148
0.161544
0.216206
0.132605
0.104492
0.208282
0.191199
0.309134
0.188345
0.199636
0.265294
0.171810
0.193461
0.257663
0.134284
0.211792
0.244480
0.139972
0.080048
0.146338
0.163023
0.081485
0.031628
0.006268
-0.059487
-0.025200
-0.037866
0.007625
-0.058569
-0.118703
-0.259445
-0.267558
-0.145892
-0.084059
0.081874
0.197090
0.566661
0.833202
1.000953
1.015304
1.060695
0.871076
0.497691
0.255742
-0.040649
-0.224672
-0.200380
-0.378423
-0.330023
-0.122288
-0.140750
-0.084251
0.029529
-0.113027
0.060268
0.074522
-0.051040
-0.050712
0.055641
-0.025684
-0.025165
0.039346
0.063025
0.018276
0.156254
0.149370
0.258820
0.126774
0.291273
0.264076
0.303272
0.253397
0.294997
0.242439
0.417475
0.347222
0.406875
0.431154
0.351854
0.419368
0.377173
0.461084
0.312012
0.487749
0.433024
0.264885
0.424106
0.399765
0.345113
0.359728
0.251943
0.208592
0.126136
0.284381
0.234798
0.037534
0.151268
0.125302
0.057201
0.052186
0.018263
0.016359
-0.080177
-0.000154
-0.063728
-0.075938
0.027002
0.038388
0.064275
-0.031687
0.062667
0.060659
0.019506
0.098262
0.076846
0.021640
0.077271
0.061482
0.127838
-0.038919
0.118529
0.067032
-0.011508
0.171982
0.161895
0.024793
0.088556
0.137235
0.204198
0.286604
0.209347
0.290457
0.361308
0.269373
0.319912
0.378561
0.372489
0.220983
0.221285
0.289473
0.300847
0.173190
0.174098
0.144126
0.143091
0.062945
0.156739
0.008297
0.149955
-0.027066
0.097377
0.092586
-0.010950
-0.012152
-0.101493
-0.060179
-0.121800
-0.116381
-0.021857
0.010652
0.272491
0.434037
0.727022
0.954232
1.140715
1.120450
1.036403
0.732011
0.538695
0.103160
0.072329
-0.121253
-0.219415
-0.304062
-0.125240
-0.088562
-0.090167
-0.071383
-0.029580
0.045585
0.080962
0.126448
0.005596
0.074977
0.070022
0.045716
0.163521
0.186165
0.122242
0.127426
0.180115
0.161003
0.159310
0.229923
0.231496
0.246665
0.349936
0.435540
0.303087
0.467902
0.417990
0.358805
0.474130
0.473771
0.416729
0.458092
0.358594
0.354376
0.502390
0.353649
0.456123
0.456837
0.441203
0.403884
0.428733
0.275305
0.390444
0.277473
0.273215
0.306937
0.139430
0.268474
0.085228
0.219702
0.204833
0.032025
-0.006883
0.023312
0.079119
0.125197
0.091268
0.034103
0.057934
0.140219
0.097327
0.027111
0.076111
0.151632
0.009747
0.140147
0.014086
-0.000335
-0.010308
-0.010244
0.186819
0.178129
0.019517
0.154852
0.229815
0.094726
0.086057
0.161709
0.258946
0.256200
0.249837
0.365327
0.204937
0.324942
0.266366
0.348179
0.365320
0.378919
0.285086
0.299691
0.280475
0.317611
0.290010
0.284983
0.156025
0.229339
0.230352
0.135496
0.117366
0.160077
0.053860
0.180104
-0.002407
0.046219
-0.082716
-0.068984
-0.104205
0.001778
-0.130128
-0.003762
0.122482
0.400801
0.496301
0.912648
1.075041
1.076170
1.117592
0.920887
0.662703
0.409449
0.130882
-0.002771
-0.066374
-0.128375
-0.179840
-0.198037
0.031946
-0.023976
0.092546
0.128685
0.146043
0.115996
0.071704
0.166148
0.122448
0.142250
0.148568
0.152287
0.119155
0.158031
0.296845
0.316773
0.261789
0.307897
0.353516
0.261545
0.373576
0.318877
0.314554
0.335366
0.529530
0.462399
0.402579
0.513144
0.508676
0.459096
0.532248
0.474850
0.433414
0.428305
0.444787
0.358587
0.402951
0.423499
0.402528
0.280721
0.359346
0.313273
0.325610
0.325926
0.182892
0.314346
0.207427
0.263082
0.190602
0.075062
0.039353
0.017928
0.050869
0.117317
0.041490
0.026768
0.123305
0.208839
0.045461
0.044558
0.046376
0.029841
0.158496
0.105018
0.119152
0.140102
0.198414
0.049922
0.088603
0.049570
0.074073
0.069371
0.105665
0.237836
0.281612
0.225985
0.313357
0.213513
0.277194
0.288397
0.375720
0.444408
0.314216
0.431566
0.389907
0.437303
0.455208
0.314993
0.439139
0.236361
0.320365
0.361922
0.192690
0.220357
0.177944
0.205079
0.238006
0.134287
0.165398
0.217844
0.169881
0.140088
0.134646
-0.059926
-0.000692
-0.009218
0.020579
0.057843
0.117299
0.257020
0.526521
0.826661
1.157885
1.273710
1.138376
1.064225
0.606195
0.484962
0.167098
0.071702
-0.055821
-0.236075
-0.180658
-0.189357
-0.050468
0.004018
0.023007
0.168156
0.101351
0.156302
0.156807
0.199758
0.095378
0.209241
0.150548
0.094116
0.273200
0.311123
0.159088
0.257723
0.328665
0.221918
0.229661
0.334363
0.295302
0.486441
0.502097
0.521371
0.550450
0.509074
0.525247
0.470434
0.417233
0.497934
0.519122
0.516233
0.559559
0.513228
0.569739
0.491006
0.522370
0.350774
0.466701
0.475884
0.302072
0.413353
0.340982
0.325909
0.293852
0.292739
0.217181
0.241423
0.171969
0.235034
0.062364
0.193182
0.054249
0.171966
0.110893
0.140138
0.091639
0.099142
0.164721
0.209735
0.194505
0.140770
0.212624
0.146454
0.176098
0.201996
0.070075
0.048496
0.198602
0.124007
0.192392
0.244134
0.128128
0.145807
0.210479
0.230555
0.269481
0.283368
0.219473
0.293745
0.305661
0.267262
0.314290
0.477043
0.465959
0.442660
0.306379
0.378924
0.264265
0.369318
0.375833
0.369134
0.191084
0.197494
0.268759
0.188673
0.181911
0.230635
0.236723
0.026651
0.074457
0.086696
0.096557
0.101244
0.005861
-0.105981
0.031743
0.072587
0.094800
0.331193
0.537670
0.899545
1.012103
1.242108
1.240307
0.992488
0.807656
0.557054
0.290561
-0.079360
-0.219146
-0.168808
-0.278667
-0.198060
-0.173685
0.038924
-0.035746
0.148119
0.132195
0.154401
0.086041
0.070038
0.155733
0.202238
0.217137
0.235910
0.240453
0.185515
0.204397
0.139310
0.238399
0.287937
0.213430
0.283169
0.290274
0.376222
0.369287
0.386157
0.333416
0.392047
0.404158
0.509615
0.509007
0.407265
0.412049
0.401066
0.528259
0.484705
0.529269
0.369396
0.382392
0.322297
0.421082
0.321963
0.383947
0.243075
0.296382
0.175419
0.161621
0.211047
0.236336
0.192688
0.093044
0.157005
0.155875
0.063443
0.149437
0.023951
0.036263
0.106608
0.160974
0.150740
0.104723
-0.013078
0.175191
0.144678
0.066066
0.161101
0.121800
0.036337
0.023096
0.163970
0.060429
0.064619
0.085659
0.166348
0.056772
0.174384
0.180642
0.233879
0.165082
0.133270
0.305549
0.299720
0.294963
0.349251
0.369917
0.344546
0.403507
0.382081
0.354226
0.377867
0.419646
0.337490
0.355522
0.206665
0.294734
0.163654
0.177774
0.228940
0.129315
0.040952
0.056376
0.008023
0.107686
0.006456
0.011567
-0.071279
0.033985
-0.114050
-0.168692
-0.045032
-0.144100
-0.025034
0.256277
0.587403
0.787996
1.011078
1.149997
1.204269
0.912005
0.793787
0.341845
0.229186
-0.133527
-0.188590
-0.211478
-0.289069
-0.126930
-0.184276
-0.133309
0.000877
0.097828
0.061895
-0.014326
0.135260
0.037636
-0.021788
0.027361
0.175309
0.181235
0.138953
0.151150
0.057201
0.101717
0.139861
0.283886
0.218379
0.227259
0.238921
0.268570
0.316991
0.290900
0.385499
0.421199
0.442197
0.388587
0.518951
0.382827
0.486775
0.414666
0.501518
0.399428
0.455689
0.369348
0.458908
0.414308
0.329721
0.299965
0.270217
0.259292
0.221329
0.134425
0.182898
0.191788
0.108078
0.106336
0.024498
0.080488
0.026019
-0.045142
0.114183
-0.023607
0.070678
-0.035548
0.128073
0.033388
0.110797
0.077503
0.031386
0.053228
0.001612
0.037156
0.091730
-0.012088
-0.006905
0.006307
0.114948
-0.037298
-0.008847
0.017936
0.037275
0.124235
0.170559
0.020569
0.045079
0.053379
0.111654
0.101477
0.213073
0.189700
0.344174
0.319013
0.284913
0.209173
0.300507
0.322689
0.299813
0.246079
0.164619
0.283616
0.146546
0.174350
0.209351
0.127287
0.063918
0.155416
-0.024041
0.093936
0.112018
0.006793
-0.014875
-0.108397
0.014819
-0.043637
-0.154915
-0.180366
-0.202471
0.048364
0.021765
0.281835
0.571279
0.769510
0.972598
1.141757
0.998417
0.754880
0.452346
0.215007
-0.071756
-0.206943
-0.305929
-0.212420
-0.211302
-0.229662
-0.119131
-0.125729
-0.092810
-0.068683
0.030193
0.009480
-0.069909
-0.064857
-0.014072
0.033725
0.015568
0.108940
0.179096
0.161448
0.152766
0.196426
0.216371
0.206381
0.266532
0.213428
0.278917
0.229822
0.260002
0.226177
0.310392
0.285774
0.353736
0.313202
0.456396
0.443068
0.316131
0.458058
0.333406
0.300022
0.398636
0.441526
0.395417
0.336754
0.255528
0.221734
0.228561
0.186615
0.266810
0.067389
0.180892
0.085532
0.056393
0.103828
0.138727
0.114982
0.119309
-0.080399
-0.079747
0.091058
-0.087550
0.031422
0.079785
-0.077803
0.070611
-0.102391
-0.037834
-0.058658
0.090790
0.063626
0.053990
0.076421
0.054330
0.068421
-0.030797
0.058670
0.049870
-0.016272
0.004590
0.132490
-0.026718
0.124474
0.047394
0.192626
0.094765
0.094483
0.220931
0.138287
0.294889
0.329369
0.220304
0.217661
0.160450
0.250559
0.336416
0.269321
0.163343
0.198107
0.209594
0.050381
0.119514
0.154707
0.097622
-0.010473
-0.007352
0.017447
-0.093659
-0.044902
-0.107048
-0.092242
-0.069156
-0.195132
-0.194755
-0.267575
-0.035325
-0.041249
0.190088
0.490863
0.777443
0.884405
1.069386
1.138118
0.911646
0.527727
0.233591
0.064330
-0.139602
-0.252061
-0.364304
-0.315145
-0.164143
-0.130843
-0.139327
0.003059
-0.129908
-0.093681
0.071812
-0.087826
-0.021347
-0.031061
-0.062741
-0.025726
0.032961
0.023683
0.122670
0.048779
0.212666
0.102977
0.094973
0.197947
0.268211
0.222172
0.355516
0.265897
0.260567
0.268539
0.428995
0.296603
0.343630
0.318876
0.334162
0.366578
0.481624
0.459914
0.379944
0.377952
0.260257
0.342738
0.387675
0.279340
0.243392
0.160520
0.245317
0.288188
0.200557
0.126190
0.147772
0.111919
0.121817
0.081069
0.035277
0.105423
0.023804
0.018079
0.031024
0.062731
-0.033463
0.033104
-0.004528
-0.036420
-0.022026
0.028780
-0.063081
0.087675
0.087516
-0.048857
-0.037687
0.096016
0.057530
0.062840
0.035771
0.078572
0.014655
0.101920
-0.025857
0.066983
0.125866
0.053085
0.132256
0.125582
0.232788
0.229103
0.312350
0.321478
0.264313
0.175752
0.247935
0.200752
0.357204
0.250506
0.307502
0.240621
0.182125
0.084114
0.234015
0.140037
0.023939
0.051520
0.130654
0.045764
0.030245
-0.008286
-0.081541
-0.094395
-0.118635
-0.107480
-0.145399
-0.204750
-0.099484
-0.158854
0.032396
0.144121
0.374946
0.664279
0.988782
1.072778
1.080479
0.860321
0.587251
0.408685
0.210247
-0.171620
-0.286336
-0.379796
-0.210882
-0.239488
-0.182472
-0.035536
-0.087209
-0.029906
0.022017
-0.088192
0.008087
0.013234
0.097228
0.060204
-0.026518
0.085579
0.012748
0.076932
0.122274
0.210882
0.188895
0.236869
0.127570
0.230889
0.329435
0.194700
0.322430
0.233201
0.319277
0.397646
0.290994
0.446008
0.421652
0.480517
0.428669
0.387131
0.430116
0.391399
0.301909
0.397106
0.443314
0.329632
0.333898
0.308975
0.211980
0.276138
0.148942
0.247740
0.111209
0.078902
0.167747
0.052614
0.014136
0.088490
-0.003153
-0.015703
0.088425
-0.000300
-0.058635
-0.040477
-0.006318
0.096303
0.041698
-0.026248
-0.005737
0.100629
0.103912
0.014290
-0.020337
0.038271
-0.034524
0.104622
-0.016940
-0.024454
-0.045912
0.021852
0.079190
0.146266
0.157909
0.020071
0.109823
0.156053
0.174379
0.113608
0.252163
0.266135
0.229305
0.272037
0.223150
0.261571
0.354000
0.202830
0.238409
0.368110
0.239107
0.158552
0.281830
0.086652
0.079461
0.083269
0.163716
0.172508
0.020716
0.095296
0.108889
0.116620
0.077553
-0.050862
0.018417
-0.121188
-0.203062
-0.170740
-0.045141
0.118178
0.301560
0.473619
0.809299
0.938054
1.011516
1.064036
0.872783
0.794831
0.420412
0.085255
-0.115676
-0.229908
-0.294521
-0.165191
-0.145661
-0.169956
-0.101934
-0.012519
0.008997
-0.009753
0.108271
0.001123
0.144517
0.045918
0.115968
0.047101
0.011909
0.210176
0.146094
0.192241
0.199605
0.249602
0.318029
0.290381
0.339847
0.390420
0.367391
0.267553
0.325436
0.286304
0.437900
0.506908
0.474501
0.486587
0.381442
0.421437
0.465569
0.439344
0.507313
0.493521
0.381971
0.393472
0.417430
0.381048
0.266584
0.220108
0.216967
0.211974
0.232534
0.225366
0.292978
0.215792
0.247001
0.041821
0.140064
0.187994
0.034773
0.157175
0.145853
0.004703
0.112935
0.001500
-0.012043
0.030166
0.037536
0.048062
0.025626
0.032336
0.114124
0.160596
-0.009206
0.031264
0.097484
0.147844
0.143745
0.105429
0.009680
0.146797
0.195553
0.054148
0.130946
0.130386
0.187159
0.185066
0.341023
0.197309
0.237142
0.392161
0.354075
0.321188
0.319441
0.378645
0.391403
0.381151
0.411586
0.210253
0.264073
0.157148
0.271544
0.262764
0.196530
0.066914
0.044455
0.223433
0.050383
0.159384
0.049242
0.046494
-0.054483
0.041393
-0.064411
-0.126293
-0.118465
-0.053594
0.036165
0.256775
0.483953
0.615736
0.877027
1.123281
1.219971
1.114489
0.851708
0.513911
0.342718
-0.008542
-0.197774
-0.142070
-0.145518
-0.084791
-0.054219
0.042442
0.011219
0.131978
0.159477
0.083725
0.159289
0.179568
0.196196
0.112449
0.185085
0.234786
0.224445
0.265175
0.186756
0.283798
0.335488
0.233842
0.216953
0.370903
0.347348
0.445733
0.374129
0.348928
0.454425
0.520482
0.477658
0.432864
0.477665
0.469074
0.409035
0.511823
0.566890
0.495904
0.435898
0.542955
0.507012
0.485295
0.429705
0.399385
0.324507
0.349788
0.413840
0.287313
0.303050
0.238195
0.268506
0.139645
0.126558
0.077417
0.182159
0.195784
0.168968
0.158729
0.031757
0.115077
0.180416
0.180015
0.087091
0.066238
0.037181
0.150737
0.123927
0.015190
0.097550
0.103390
0.174180
0.185737
0.140955
0.055721
0.151654
0.185752
0.135858
0.104350
0.129700
0.292082
0.208662
0.299110
0.276882
0.343679
0.395111
0.356730
0.372501
0.393314
0.289369
0.472786
0.467856
0.424463
0.339191
0.332254
0.261061
0.328885
0.323583
0.322929
0.152872
0.162767
0.198908
0.159231
0.261028
0.241378
0.229352
0.058738
0.024888
0.078086
0.048327
0.031165
-0.085945
-0.086897
-0.076119
-0.040555
0.090880
0.387056
0.606352
1.014872
1.163227
1.214420
1.185443
1.051631
0.672650
0.484466
0.230895
0.034480
-0.228664
-0.201261
-0.194430
-0.077164
-0.115464
-0.012692
0.127350
0.031887
0.005276
0.211297
0.142186
0.079532
0.128651
0.199587
0.177118
0.167623
0.216620
0.149573
0.294029
0.316298
0.271290
0.347144
0.300033
0.387670
0.296660
0.390542
0.444351
0.362029
0.363188
0.435184
0.471659
0.545925
0.429283
0.588897
0.454621
0.484731
0.488573
0.590179
0.419432
0.545845
0.462243
0.396459
0.490254
0.395236
0.354831
0.398768
0.284174
0.381225
0.273672
0.292915
0.252455
0.136259
0.242396
0.230387
0.049048
0.148675
0.071201
0.165801
0.113933
0.174737
0.121064
0.135608
0.060112
0.088952
0.075678
0.186701
0.211384
0.141848
0.196381
0.215379
0.150515
0.183658
0.108734
0.129454
0.052499
0.208916
0.129431
0.242463
0.286921
0.203813
0.198749
0.160543
0.355694
0.337271
0.306628
0.433605
0.402650
0.403044
0.383568
0.459600
0.294232
0.368996
0.324236
0.283540
0.253739
0.380418
0.189700
0.342491
0.266660
0.106221
0.083678
0.234295
0.140365
0.199124
0.059082
0.154947
0.016127
0.131738
0.079047
-0.036074
0.014143
-0.028401
0.064903
0.150714
0.272828
0.666629
0.856520
1.177984
1.164212
1.093806
1.024261
0.677132
0.350659
0.249019
0.019181
-0.045749
-0.193095
-0.100477
-0.054347
-0.082152
0.084461
0.002315
0.005998
0.081900
0.051166
0.012413
0.144281
0.163405
0.174394
0.190986
0.239085
0.092019
0.237824
0.234450
0.278161
0.340272
0.236486
0.219424
0.291377
0.409442
0.373859
0.383413
0.350292
0.388442
0.489155
0.530128
0.519497
0.502144
0.590711
0.485671
0.490048
0.440549
0.507703
0.445760
0.409029
0.452175
0.469007
0.482731
0.419577
0.360258
0.304871
0.220373
0.206739
0.279907
0.307262
0.220437
0.250274
0.095440
0.170642
0.080336
0.007443
0.157531
0.079646
0.010487
0.179408
0.070216
0.109326
0.039395
0.121857
0.064229
0.087063
0.071219
0.057973
0.045425
0.146622
0.042854
0.189673
0.186007
0.061551
0.058540
0.073485
0.083810
0.095999
0.149836
0.248163
0.227888
0.166241
0.312528
0.370884
0.224772
0.384532
0.277311
0.324729
0.313029
0.337479
0.312728
0.257729
0.357540
0.214393
0.222896
0.258702
0.189112
0.192979
0.204196
0.071836
0.218695
0.194613
0.023344
0.025762
-0.024636
0.068549
0.062326
0.034602
-0.115881
0.000364
-0.106980
-0.160350
-0.048790
0.138826
0.468538
0.562823
0.881075
1.121269
1.211894
0.960752
0.890705
0.460417
0.230219
-0.005086
-0.034323
-0.177295
-0.213529
-0.135177
-0.203175
0.011264
-0.009459
-0.078539
-0.024684
0.009501
-0.025024
0.112555
-0.008878
0.095838
0.103696
0.076443
0.153552
0.109187
0.253429
0.089783
0.221845
0.204085
0.226824
0.179507
0.335618
0.331794
0.396081
0.422318
0.332939
0.341307
0.390115
0.473281
0.364012
0.431181
0.351263
0.361431
0.484966
0.495692
0.506018
0.492112
0.418439
0.299246
0.263785
0.383693
0.352269
0.303916
0.299075
0.168412
0.261776
0.273453
0.139431
0.082692
0.109169
0.128107
0.147592
0.150647
-0.026356
0.086300
-0.037538
-0.033269
-0.028157
0.048213
0.041179
0.033661
0.103850
0.049835
0.077804
0.040918
0.011329
-0.002446
0.142167
0.002769
0.111440
0.057784
0.029087
0.096644
-0.014508
0.009912
0.197076
0.212463
0.217815
0.256177
0.232253
0.275130
0.280808
0.202048
0.269759
0.349984
0.200724
0.314244
0.286828
0.202992
0.265703
0.327097
0.261538
0.262717
0.276781
0.129642
0.189284
0.191642
0.082888
0.081922
0.091429
0.038727
-0.035731
-0.048845
-0.040838
-0.157623
-0.052033
-0.224707
-0.163436
-0.112503
-0.012961
0.105212
0.254599
0.556252
0.768557
1.086344
1.063516
1.031177
0.781237
0.478530
0.188125
-0.087778
-0.193150
-0.274071
-0.268837
-0.175520
-0.140672
-0.048066
-0.065407
0.039161
-0.015454
-0.041247
0.042072
0.037793
0.042801
0.023677
0.040893
-0.002522
0.043270
0.002610
0.205481
0.159987
0.236974
0.164296
0.182487
0.236058
0.267518
0.272333
0.310754
0.241111
0.386643
0.382420
0.338027
0.343275
0.345530
0.327218
0.367339
0.466665
0.342779
0.302410
0.376659
0.288192
0.327497
0.245900
0.350387
0.251754
0.272375
0.265084
0.239389
0.223793
0.118969
0.051714
0.138253
0.043074
0.148298
0.010724
0.076540
-0.015877
-0.022515
0.021380
0.083922
-0.044473
0.092349
0.049915
-0.097118
0.071992
0.040865
0.014230
-0.030572
-0.031185
-0.081580
-0.004229
0.037274
0.022731
-0.007621
0.103931
-0.004179
0.121912
-0.050809
0.044503
0.112011
0.130557
0.112276
0.154676
0.204539
0.238847
0.168505
0.234784
0.310830
0.271457
0.264273
0.336870
0.300806
0.177556
0.243711
0.129713
0.193334
0.262738
0.065514
0.220730
0.043588
0.058718
0.004931
-0.035603
0.015209
-0.031611
-0.083839
-0.024951
-0.104879
-0.119141
-0.118193
-0.156124
-0.197881
-0.183362
-0.107050
0.018452
0.209688
0.460908
0.708966
1.052733
1.071675
1.038626
0.843863
0.470084
0.171561
-0.096820
-0.197471
-0.237327
-0.208920
-0.269510
-0.318904
-0.150763
-0.157322
-0.065361
-0.059317
-0.107775
-0.043744
0.042647
0.082921
0.048202
0.115431
-0.040353
0.078356
0.042612
0.095364
0.041636
0.101119
0.111876
0.137518
0.163851
0.135639
0.236119
0.322129
0.249411
0.301035
0.243795
0.352019
0.354244
0.333625
0.443544
0.344610
0.368616
0.322764
0.423797
0.315280
0.353421
0.339484
0.390101
0.382797
0.182986
0.345595
0.251906
0.115013
0.117772
0.122577
0.111744
0.154756
0.164149
0.086168
0.132113
0.074249
0.012371
0.062739
0.049177
-0.087537
0.038253
0.009635
-0.034183
0.054675
-0.105757
-0.093988
0.076642
-0.033416
-0.005632
0.069441
-0.042111
0.024330
0.039280
-0.058483
0.012324
-0.001874
0.036776
0.033182
0.039909
0.007621
0.142788
0.173320
0.168618
0.224108
0.158721
0.099802
0.229494
0.157794
0.308196
0.338657
0.179191
0.220472
0.317866
0.237892
0.234709
0.124606
0.212377
0.189062
0.198261
0.040411
0.158658
0.017629
0.064972
0.125701
0.121936
0.104428
-0.045515
0.023110
-0.115727
-0.021716
-0.102879
-0.249985
-0.168766
-0.065894
-0.008228
0.119537
0.326222
0.498028
0.710577
0.986621
0.997623
0.934117
0.784117
0.562654
0.340753
-0.042097
-0.166799
-0.187591
-0.371988
-0.225780
-0.310504
-0.092736
-0.109873
0.021794
0.005666
0.016536
-0.115378
-0.064914
-0.044185
-0.069584
0.073282
0.103944
0.022773
-0.002484
0.121151
0.173171
0.162228
0.076983
0.147399
0.230515
0.221593
0.337604
0.218781
0.361131
0.283871
0.256239
0.263232
0.409900
0.349263
0.360616
0.351317
0.352705
0.345151
0.381748
0.479052
0.347659
0.445440
0.273614
0.406198
0.351062
0.348970
0.274466
0.151090
0.196017
0.211198
0.067548
0.036795
0.068055
0.175204
0.071940
0.125959
0.009891
0.096185
0.012876
0.082012
-0.075169
-0.053006
0.045279
-0.022374
-0.093918
-0.016856
-0.029176
-0.013961
-0.055692
-0.049189
0.028851
0.030589
-0.051650
0.103366
-0.068162
-0.034087
0.033748
0.092364
-0.019701
0.150172
0.063589
0.008093
0.151472
0.094507
0.218014
0.278572
0.247236
0.231473
0.171475
0.225859
0.288432
0.190560
0.246607
0.304028
0.211357
0.197112
0.280500
0.238090
0.211182
0.269813
0.177477
0.093221
0.110659
0.159775
0.168149
0.121236
0.007820
0.072548
0.089551
0.005678
-0.069148
-0.148630
-0.121814
-0.188782
-0.037510
-0.057121
0.194984
0.348826
0.620630
0.939332
1.130752
1.183561
0.982781
0.924935
0.578863
0.260873
0.058952
-0.058904
-0.221165
-0.310696
-0.273449
-0.257628
-0.163514
-0.138760
0.032708
-0.028734
-0.084930
-0.012569
0.103178
0.001988
0.112549
0.074390
0.012102
0.101061
0.068855
0.172867
0.195885
0.159367
0.127481
0.140787
0.191538
0.287789
0.345611
0.341343
0.287784
0.280564
0.321359
0.428736
0.320512
0.419043
0.526684
0.517403
0.454986
0.493254
0.485775
0.468489
0.454560
0.362149
0.405821
0.394593
0.413034
0.231068
0.247221
0.377649
0.318930
0.257307
0.243133
0.244852
0.116612
0.172344
0.025284
0.109885
0.089986
0.143638
-0.007042
0.139965
0.149358
0.020747
0.079675
0.060779
0.047634
0.028012
0.023687
-0.025911
0.036265
0.006948
0.057490
0.101801
-0.008672
0.131982
0.156442
0.141077
0.078631
0.121593
0.090909
0.095588
0.033410
0.229013
0.071731
0.179698
0.184606
0.238119
0.354833
0.358608
0.201823
0.372615
0.327082
0.316644
0.406359
0.414148
0.430966
0.257406
0.374946
0.241668
0.239262
0.296009
0.182047
0.170067
0.080909
0.175858
0.170396
0.068084
0.060326
0.123542
0.154089
0.070223
-0.086290
-0.050748
-0.055541
-0.097650
-0.160841
-0.069811
0.200537
0.358372
0.635947
0.788046
0.984980
1.197799
1.109840
0.960413
0.797977
0.497151
0.148386
0.020034
-0.191375
-0.241639
-0.232062
-0.240363
-0.000806
0.010802
-0.034173
0.049149
0.127443
0.058554
0.036445
0.146939
0.167434
0.163073
0.161214
0.204079
0.169768
0.150709
0.103899
0.239903
0.179508
0.206522
0.220727
0.315264
0.241228
0.355256
0.292811
0.393559
0.357849
0.457688
0.522724
0.389195
0.428787
0.438290
0.462917
0.474281
0.411705
0.463205
0.506497
0.466319
0.412687
0.454634
0.437066
0.305106
0.342973
0.417960
0.319704
0.296399
0.309435
0.182293
0.249070
0.147896
0.183088
0.177458
0.113430
0.068221
0.193027
0.095449
0.112505
0.133255
0.140120
0.094527
0.041596
0.146177
0.192619
0.082146
0.136285
0.187155
0.106792
0.137570
0.106586
0.038143
0.042543
0.046230
0.120114
0.227004
0.176474
0.248484
0.090371
0.156774
0.305103
0.138883
0.193641
0.335187
0.374466
0.350807
0.352499
0.453233
0.424364
0.422899
0.432807
0.454073
0.461904
0.450442
0.418949
0.270232
0.201680
0.329620
0.176771
0.124198
0.249760
0.185583
0.127791
0.160949
0.198067
0.134179
0.064008
0.058686
-0.049377
-0.078057
-0.116418
-0.112461
0.059546
0.092605
0.291510
0.429019
0.649633
1.019769
1.222770
1.167742
1.033659
0.975756
0.688869
0.250102
0.176286
-0.080072
-0.200915
-0.232309
-0.173839
-0.059556
-0.091565
0.061816
-0.016576
0.091138
0.081264
0.214130
0.095443
0.130256
0.187642
0.143805
0.108428
0.115652
0.174035
0.295961
0.276231
0.212832
0.389616
0.303879
0.406614
0.370801
0.291105
0.310043
0.487535
0.439903
0.426242
0.556734
0.528122
0.463484
0.541807
0.468498
0.450100
0.484710
0.510896
0.577780
0.528260
0.391071
0.342778
0.346293
0.481399
0.408410
0.271967
0.416127
0.222868
0.272806
0.222711
0.221692
0.117981
0.152218
0.120682
0.100162
0.225105
0.033405
0.208328
0.100654
0.159324
0.217408
0.045386
0.163524
0.108891
0.048768
0.124811
0.118811
0.202172
0.159464
0.084254
0.162126
0.162796
0.217371
0.220011
0.117813
0.145247
0.231723
0.268992
0.273631
0.219065
0.257471
0.348477
0.220189
0.284799
0.283379
0.416917
0.281133
0.335788
0.398596
0.414274
0.369642
0.330585
0.348260
0.323135
0.244602
0.227997
0.298913
0.283149
0.295862
0.205008
0.145881
0.100167
0.059664
0.079355
0.090220
0.108363
0.079041
0.082905
0.003918
-0.125868
-0.029469
-0.110885
0.038114
0.181020
0.495831
0.625406
1.018817
1.089398
1.130932
0.981950
0.779232
0.513410
0.238381
0.152662
-0.122620
-0.232723
-0.104108
-0.090382
-0.043255
-0.037724
0.079669
0.021236
0.057422
0.080980
0.062680
0.163864
0.185206
0.050698
0.131999
0.122453
0.275153
0.258931
0.200394
0.281266
0.304621
0.304702
0.401543
0.388351
0.362861
0.296758
0.477067
0.372027
0.432200
0.422543
0.522175
0.543044
0.551666
0.571576
0.415314
0.529277
0.490492
0.448045
0.486390
0.423876
0.376995
0.367914
0.313073
0.299639
0.308969
0.338106
0.224269
0.180715
0.145166
0.274805
0.233886
0.100483
0.200670
0.071253
0.046647
0.143868
0.034303
0.016490
0.031504
0.007069
0.041542
0.017515
0.010571
0.064285
0.105647
0.081007
0.201276
0.090397
0.033501
0.160252
0.155199
0.027918
0.109218
0.079982
0.110840
0.125576
0.226088
0.208091
0.087277
0.109945
0.174804
0.270175
0.358645
0.262021
0.303462
0.251574
0.388085
0.398405
0.414660
0.445134
0.258773
0.396279
0.312020
0.253504
0.183227
0.306999
0.304102
0.254743
0.243900
0.124121
0.074548
0.095081
0.054630
-0.009497
0.023689
-0.015530
-0.060184
-0.072616
-0.070476
-0.166560
-0.125942
0.017031
0.152772
0.437606
0.612762
0.974633
1.179759
1.199292
1.012552
0.866738
0.447149
0.285158
-0.043561
-0.209839
-0.286593
-0.304646
-0.085552
-0.114213
-0.008129
0.007518
0.072167
0.010062
0.129423
0.068538
0.001675
0.150547
0.131960
0.086815
0.167575
0.122432
0.066321
0.190047
0.152132
0.194829
0.251690
0.219894
0.208985
0.400676
0.246472
0.313771
0.275365
0.471542
0.378960
0.517089
0.440108
0.453132
0.383736
0.391411
0.443917
0.385695
0.520601
0.376860
0.497012
0.451713
0.338541
0.250862
0.291164
0.275214
0.191742
0.341463
0.160307
0.130416
0.174929
0.152341
0.039515
0.082643
0.107823
0.173092
0.046113
0.088606
-0.047577
-0.020801
0.128167
-0.042886
-0.046698
0.061954
0.014838
-0.009616
0.127192
0.083045
0.021044
0.027600
-0.010439
-0.001990
0.130153
0.141440
0.118949
0.018316
0.096123
0.031582
0.030849
0.159602
0.223150
0.212274
0.249387
0.153103
0.208199
0.235841
0.358031
0.207354
0.303597
0.327573
0.259521
0.237115
0.268026
0.243109
0.183483
0.307476
0.192613
0.213385
0.096299
0.124500
0.018366
0.087901
0.025111
0.091888
0.088312
-0.002217
0.005886
0.006907
-0.057738
-0.103558
-0.231038
-0.162994
-0.172497
0.024165
0.265711
0.498170
0.842087
0.958243
1.142915
1.068461
0.790533
0.627638
0.318069
0.023871
-0.168203
-0.244764
-0.193947
-0.302127
-0.262217
-0.186254
-0.102296
0.003633
-0.083044
-0.106776
-0.038771
-0.029988
0.084770
-0.043316
0.103313
0.125067
0.077401
-0.014012
0.100821
0.160407
0.176983
0.237054
0.220493
0.290351
0.128113
0.312937
0.178515
0.296786
0.344934
0.384225
0.306543
0.385904
0.455012
0.414810
0.449001
0.392198
0.373313
0.463224
0.421022
0.433018
0.255098
0.254536
0.324141
0.364848
0.223136
0.300908
0.248256
0.240335
0.249076
0.199086
0.063021
0.007553
0.008132
0.101061
-0.035324
-0.033714
-0.002330
-0.011785
-0.087032
-0.003868
-0.090128
-0.072302
0.043789
-0.038972
-0.044993
0.057693
0.090331
0.087870
0.009794
-0.058092
-0.045147
0.033041
0.015659
-0.055561
0.101120
-0.016545
-0.045058
0.001710
-0.027975
0.119536
0.141728
0.120863
0.041422
0.087400
0.227259
0.165356
0.283133
0.159980
0.286916
0.194697
0.239799
0.226386
0.335836
0.306608
0.247979
0.274620
0.121511
0.066426
0.163935
0.110686
0.084030
0.010856
0.111789
0.089261
-0.087832
-0.012763
0.061581
-0.062134
-0.019166
-0.122847
-0.181535
-0.285289
-0.175602
-0.036055
0.099008
0.172369
0.392159
0.629915
0.915242
1.068193
1.093990
0.893387
0.678620
0.360164
-0.015657
-0.053543
-0.297961
-0.297001
-0.261523
-0.188903
-0.236538
-0.152276
-0.166302
-0.075312
-0.056947
-0.109404
0.002937
0.063711
-0.020160
-0.059460
-0.023218
-0.056518
-0.040824
-0.030623
0.092490
0.114714
0.083941
0.195861
0.201893
0.278879
0.211354
0.241119
0.317883
0.295782
0.354924
0.403916
0.277998
0.371029
0.353088
0.390662
0.311980
0.407469
0.272510
0.308009
0.435872
0.393788
0.330969
0.219598
0.225263
0.165453
0.332811
0.281457
0.179124
0.263146
0.199198
0.113993
0.019232
0.013553
0.116653
-0.004006
0.061371
-0.070404
0.029159
-0.108428
0.023794
-0.094646
0.077918
-0.000159
-0.064743
-0.032098
0.067804
-0.016445
-0.104812
0.014715
-0.026641
-0.086105
0.040976
-0.005595
-0.091071
0.075831
0.075163
-0.079796
0.046192
0.107299
0.012489
0.092217
0.068372
0.087889
0.024567
0.216878
0.255542
0.186221
0.225176
0.327911
0.224852
0.198327
0.332772
0.296415
0.186286
0.142129
0.158176
0.146180
0.263120
0.200765
0.060652
0.094814
0.118781
0.029609
0.065408
-0.028921
-0.048599
-0.060433
0.022449
-0.093374
-0.121692
-0.118555
-0.211030
-0.213575
-0.158916
-0.092685
-0.041155
0.153735
0.327707
0.588683
0.803516
1.114384
1.037096
1.051477
0.668421
0.484147
0.140665
-0.043261
-0.194974
-0.375371
-0.316146
-0.330993
-0.135538
-0.119039
-0.181612
-0.093827
-0.078750
-0.063315
0.000168
0.056883
0.001408
0.076382
0.013868
0.091389
0.029837
0.164645
0.142533
0.015645
0.183289
0.236278
0.146036
0.113950
0.294264
0.165687
0.279956
0.375637
0.318263
0.243978
0.339547
0.405023
0.331737
0.468274
0.387396
0.344800
0.337038
0.463763
0.434725
0.408195
0.283489
0.412828
0.317714
0.336027
0.364396
0.182101
0.256407
0.114213
0.104467
0.243006
0.147763
0.144475
0.041416
0.098345
-0.028473
0.067973
-0.041201
0.033655
0.101854
0.041970
-0.025158
0.000413
-0.085799
0.014234
0.107877
0.055176
-0.009572
0.029841
0.027171
0.015176
-0.055778
-0.024767
0.019869
-0.048461
0.009149
0.052634
0.103711
0.045696
0.098296
0.129185
0.030931
0.137537
0.188725
0.141659
0.168897
0.202694
0.171397
0.315872
0.267846
0.202431
0.264368
0.359963
0.219111
0.317636
0.323148
0.301518
0.160437
0.308415
0.177325
0.180171
0.064035
0.118299
0.031561
0.043751
-0.008234
0.019542
0.067634
0.018904
0.050185
-0.025449
-0.166333
-0.169911
-0.065377
-0.068786
-0.003275
-0.031219
0.275448
0.434824
0.709402
0.947320
1.152494
