1.012056
1.121965
0.864983
0.810302
0.603492
0.310394
0.149375
0.060527
-0.080746
-0.179412
-0.297323
-0.376965
-0.308052
-0.292831
-0.298321
-0.294153
-0.178906
-0.214349
-0.033153
-0.050680
0.012684
-0.057475
-0.100238
-0.104073
-0.084372
-0.070745
0.057709
-0.107752
0.031226
-0.077262
0.054070
-0.030219
0.076981
-0.098021
0.010516
-0.096784
-0.039344
0.005879
-0.049894
0.046381
0.034423
0.100221
-0.018402
0.033325
0.005347
0.086511
0.096060
0.184152
0.137166
0.209313
0.212487
0.085582
0.115222
0.169221
0.237163
0.169612
0.283497
0.311254
0.267883
0.265092
0.404925
0.316727
0.390205
0.332663
0.441136
0.307234
0.366267
0.405519
0.337385
0.508173
0.399085
0.512140
0.444024
0.405691
0.359154
0.338098
0.412441
0.317227
0.354997
0.390378
0.389824
0.325176
0.275637
0.218221
0.292204
0.282624
0.315880
0.258297
0.220528
0.210059
0.175243
0.122030
0.217332
0.130318
0.149323
0.125479
0.019570
0.029107
0.032946
-0.033233
0.089344
0.093785
0.122243
-0.061664
0.051007
-0.068219
-0.038125
-0.023883
-0.105899
0.008773
-0.018301
-0.052463
-0.122343
0.011622
-0.057643
0.067427
0.033294
-0.043454
-0.016743
0.062707
0.055359
-0.023963
0.052203
0.021226
0.065174
-0.046177
-0.092416
0.048849
0.066939
0.043888
-0.116322
-0.084475
0.042155
-0.058241
0.055785
-0.094405
0.071005
-0.072508
-0.106889
0.002094
0.065478
0.051109
0.071246
-0.030517
0.000736
0.021556
-0.078191
0.063639
-0.026465
0.053465
-0.069311
0.092568
0.067982
0.061725
-0.020961
-0.087400
0.021967
0.098966
-0.010961
-0.065634
0.080951
-0.062740
-0.094196
0.079268
0.102149
0.052612
0.053394
0.020233
0.031650
-0.066519
0.051032
0.079406
0.072890
-0.063601
0.100627
-0.008710
-0.014554
0.113771
-0.057093
0.078247
0.005863
-0.047733
0.134851
0.079511
0.115721
0.149175
0.090474
-0.021541
0.081456
0.029679
0.127580
0.093374
0.158554
0.216780
0.213906
0.155658
0.235484
0.125836
0.293545
0.294284
0.172238
0.280094
0.378400
0.253407
0.396782
0.249199
0.268377
0.390430
0.377807
0.356649
0.378988
0.225674
0.220231
0.214659
0.265716
0.318645
0.243891
0.174369
0.229277
0.090531
0.116798
0.162685
0.064570
0.059078
0.183368
0.170131
0.022363
0.037460
0.040038
-0.000149
-0.004189
0.112419
0.088317
0.058202
0.071589
-0.003915
0.001005
0.102235
-0.067354
-0.027377
0.073434
-0.113392
-0.014421
-0.177409
-0.020529
-0.086383
-0.184650
-0.089238
0.009330
0.118214
0.176553
0.432898
0.542910
0.812761
0.985663
1.172523
1.094619
1.163870
1.044496
1.007533
0.902212
0.486826
0.374257
0.172531
0.100117
-0.038763
-0.251451
-0.146583
-0.270133
-0.169767
-0.135491
-0.044441
0.000767
-0.101683
0.045798
0.094341
0.127747
0.025510
-0.025333
0.000319
0.035983
0.151510
0.057217
0.047594
0.070109
-0.004622
0.077724
0.140517
0.020766
0.056551
0.198392
0.086800
0.147086
0.176155
0.152660
0.074324
0.052209
0.098188
0.179610
0.143711
0.134615
0.207517
0.243534
0.297984
0.274829
0.248704
0.278075
0.201925
0.304632
0.266346
0.345063
0.431307
0.393926
0.308794
0.371849
0.340982
0.414371
0.384659
0.439833
0.418177
0.444360
0.542784
0.555872
0.599970
0.577980
0.443576
0.442105
0.584584
0.523696
0.400843
0.471645
0.394189
0.526413
0.514979
0.455461
0.313671
0.483787
0.404687
0.276385
0.297392
0.376856
0.245119
0.193525
0.197738
0.224403
0.276186
0.141641
0.207258
0.119436
0.204847
0.175535
0.175662
0.204802
0.138208
0.044605
0.151560
0.171866
0.076408
-0.004994
-0.007259
0.036548
0.168976
0.056947
0.003640
0.031981
0.001872
0.041684
0.098160
0.110406
-0.009904
0.012054
0.157120
0.102275
0.046849
-0.009938
0.053106
0.081661
0.112755
-0.000410
0.127444
0.009214
0.145256
0.155398
0.065613
0.032345
0.005433
-0.017045
0.000458
0.094896
0.120589
0.066711
0.023559
0.094955
0.139220
0.011441
0.129765
0.080616
0.075310
0.085455
0.038421
0.057419
0.156586
0.149490
0.161248
0.089999
0.015018
0.113565
0.050194
0.015252
0.062388
0.140364
0.030905
0.114125
0.017004
0.068520
0.001770
0.043314
0.127600
0.060926
0.072481
-0.012748
0.020640
0.003562
0.118851
0.075863
0.118632
0.095227
0.019795
0.081549
0.197076
0.077781
0.173371
0.020034
0.051867
0.163103
0.089650
0.123534
0.155712
0.214650
0.120562
0.211917
0.245310
0.161306
0.231899
0.328155
0.367917
0.342076
0.233416
0.341324
0.294853
0.361219
0.400509
0.430227
0.274212
0.384686
0.344650
0.339993
0.324583
0.288752
0.329745
0.409803
0.290146
0.377113
0.173205
0.257318
0.304481
0.172251
0.108593
0.199371
0.104382
0.112274
0.088398
0.157017
0.029269
0.103630
0.049873
0.079114
0.003677
0.181948
0.081393
0.144088
0.003521
0.129556
0.164292
-0.024091
0.015261
0.021212
-0.106598
0.055558
-0.067983
0.021883
-0.128932
-0.080572
-0.052245
-0.021038
0.106301
0.320156
0.535383
0.659285
0.910067
1.121217
1.172046
1.167629
1.140437
1.041225
0.783280
0.625981
0.461896
0.151340
0.145540
-0.012810
-0.062036
-0.167701
-0.176480
-0.216175
-0.078719
-0.162169
-0.151536
-0.068675
0.003405
-0.041388
0.047347
0.008808
0.150165
0.031679
0.050863
0.135263
0.036289
0.100800
0.078595
-0.010515
0.039552
0.081280
0.120044
0.189986
0.122692
0.155279
0.058821
0.053579
0.068891
0.133073
0.161769
0.067543
0.139109
0.263162
0.210863
0.249913
0.122624
0.216714
0.148501
0.237274
0.275194
0.353423
0.276683
0.380539
0.282824
0.257559
0.446290
0.420933
0.431052
0.460758
0.328334
0.458582
0.449075
0.469755
0.479926
0.412766
0.541380
0.443159
0.469753
0.418009
0.432263
0.390423
0.520104
0.440916
0.478184
0.371994
0.405055
0.346771
0.374005
0.383898
0.384658
0.368647
0.397755
0.383425
0.303460
0.285053
0.307873
0.256301
0.312954
0.304426
0.217782
0.227318
0.152108
0.053733
0.144325
0.068096
0.049743
0.192652
0.140570
0.031342
-0.005135
0.165636
0.091421
0.046146
-0.040067
0.043145
0.047267
-0.004783
0.001559
0.075846
0.083677
0.041206
-0.021648
0.053017
-0.003744
0.024435
0.043414
0.051312
0.044079
-0.045683
0.102979
0.007447
0.003868
0.007651
-0.058705
-0.065445
0.048038
0.082482
-0.059608
0.000211
-0.084815
-0.069855
0.048017
0.100660
0.005065
0.104197
0.012335
0.069459
0.046534
-0.011964
-0.073257
0.042738
0.002149
-0.056367
-0.071769
0.067525
-0.050447
-0.042832
0.028857
0.041619
-0.041644
0.003835
0.056449
-0.081653
0.026284
0.024545
-0.083083
0.005522
-0.017607
-0.015227
0.002663
-0.007320
0.041228
0.057282
-0.035912
0.055058
-0.044258
0.004718
0.048558
-0.042553
0.074190
-0.066618
-0.072006
0.123388
0.064845
0.118665
0.110149
0.129362
-0.037830
0.128302
0.061443
0.127780
0.123829
0.162352
0.159667
0.054972
0.055248
0.192919
0.249897
0.253960
0.128666
0.136740
0.216150
0.319326
0.188833
0.296089
0.261644
0.338799
0.304992
0.269201
0.275719
0.366627
0.354700
0.283522
0.325993
0.200450
0.274466
0.173654
0.148185
0.229995
0.155522
0.106045
0.144551
0.039789
0.132612
0.025259
0.007980
0.053799
0.101506
0.015803
0.049378
-0.046211
0.044082
-0.032337
0.102454
-0.008886
-0.032619
0.008951
0.061567
0.037397
-0.003126
0.039138
-0.140284
-0.027805
-0.058759
-0.079625
-0.209127
-0.193423
-0.116371
0.035075
0.061738
0.229767
0.283619
0.568449
0.694543
0.833336
1.107907
1.122726
0.997721
1.031489
0.798996
0.591888
0.495206
0.306047
-0.000865
-0.030399
-0.295799
-0.250881
-0.235370
-0.390423
-0.209572
-0.238856
-0.309776
-0.269822
-0.213191
-0.034703
-0.080384
-0.131659
-0.141842
-0.096162
-0.126894
0.034191
0.031305
-0.081823
-0.112837
0.011714
-0.083756
-0.115185
-0.054711
-0.037123
-0.018102
0.032373
0.077221
0.037036
0.064570
0.079965
-0.070167
0.100355
0.019057
0.061230
-0.037951
0.128245
0.080675
0.063037
0.115289
0.184095
0.173497
0.218154
0.259045
0.208203
0.191928
0.268467
0.187926
0.233503
0.326157
0.327987
0.333307
0.287584
0.263275
0.328192
0.413461
0.290711
0.273137
0.437670
0.351813
0.329165
0.449019
0.307724
0.335758
0.442686
0.337409
0.410055
0.397048
0.307648
0.279085
0.281425
0.245625
0.251077
0.206275
0.276206
0.281462
0.220090
0.211731
0.286349
0.117512
0.227610
0.102475
0.154168
0.105045
0.005100
0.074074
0.090336
0.025792
-0.011990
0.044852
-0.004800
-0.025965
-0.098586
-0.016609
-0.001682
0.056171
0.009465
0.031264
-0.061022
-0.040333
-0.035444
-0.115674
-0.140657
-0.118689
-0.125226
-0.123586
-0.134212
-0.018718
-0.084579
-0.162428
-0.167706
-0.049737
-0.155919
-0.080168
-0.056124
-0.134396
0.012870
-0.029271
-0.101207
-0.119630
0.001728
-0.100173
-0.174385
-0.149485
-0.049120
-0.064696
-0.123864
-0.094450
-0.138383
-0.020195
-0.013554
-0.075960
-0.153991
-0.046970
0.024213
-0.069365
-0.073897
0.031340
-0.024515
-0.073380
-0.162933
-0.063076
-0.026076
-0.149998
-0.147983
-0.039104
-0.080667
-0.079022
-0.054237
-0.146824
-0.047244
0.005309
-0.101170
-0.031171
-0.131963
0.009840
0.006251
-0.007518
0.025881
-0.066571
-0.014965
-0.020086
-0.073050
0.028472
0.019998
-0.104012
-0.036554
-0.047635
0.043931
-0.139732
-0.077936
0.057203
0.038103
-0.106391
-0.111728
0.068991
0.006185
0.073277
-0.021902
0.031272
-0.020508
-0.042644
0.159337
0.092905
0.022849
0.110006
0.186445
0.159901
0.255340
0.163856
0.130811
0.280261
0.153742
0.299324
0.302032
0.232430
0.289660
0.300502
0.205208
0.228546
0.208990
0.150926
0.262078
0.142396
0.226875
0.124448
0.092199
0.133084
0.144754
-0.000857
0.119519
0.055985
0.008737
0.040032
-0.076201
0.035456
-0.091969
-0.003835
0.025845
0.057742
0.044942
-0.062714
-0.001905
-0.075927
-0.073055
-0.127453
-0.070728
-0.200251
-0.138912
-0.163353
-0.232482
-0.135989
-0.237888
-0.231760
-0.095376
-0.127165
-0.099389
-0.029768
0.253742
0.257784
0.497533
0.713166
0.796951
1.022493
0.994840
1.085796
0.980073
0.899686
0.656302
0.371003
0.215097
0.038649
-0.017103
-0.146599
-0.282133
-0.357212
-0.281378
-0.363289
-0.306961
-0.161315
-0.148613
-0.010287
-0.048916
0.035022
0.031537
0.005923
-0.112388
-0.036627
-0.121678
0.016668
0.038511
0.068653
-0.039840
0.001483
0.027120
-0.063835
0.102248
-0.089020
-0.044718
0.016064
0.040706
-0.012274
0.144168
0.043495
-0.025038
0.113696
0.033232
0.057702
0.061795
0.041562
0.151849
0.106458
0.075073
0.212621
0.221135
0.155840
0.272096
0.213597
0.253760
0.261561
0.326679
0.374668
0.352060
0.378006
0.379125
0.305455
0.293196
0.321933
0.359308
0.460788
0.397336
0.346628
0.465665
0.452304
0.443220
0.420623
0.356644
0.313505
0.367060
0.469972
0.271931
0.372168
0.416454
0.340704
0.351576
0.335033
0.250530
0.188269
0.171509
0.215131
0.112378
0.233696
0.222175
0.145806
0.097530
0.053761
0.109924
0.070914
0.141623
0.001737
0.112384
0.077307
0.125648
0.079390
-0.048167
0.095729
-0.071206
-0.089415
-0.032970
-0.019029
-0.044515
0.025242
-0.054910
0.088293
0.024073
0.021655
0.045070
-0.099664
-0.065393
-0.012335
0.058781
0.085253
0.008056
-0.108805
0.068293
0.045364
-0.009583
0.040522
0.012743
-0.024056
-0.058193
-0.065289
-0.040921
-0.033337
-0.022183
0.000015
0.079810
-0.077646
-0.064114
-0.005387
-0.035872
0.088999
0.079065
0.102299
-0.055804
0.070103
0.029963
-0.044935
0.067338
-0.003504
-0.063361
0.025643
-0.061947
-0.043033
0.007829
0.013118
-0.045251
-0.059033
0.052935
0.116723
0.050999
-0.034286
0.086907
-0.003272
0.062586
0.053005
-0.069968
-0.014498
0.108117
0.059732
-0.010386
0.046595
0.005913
-0.032833
-0.056509
0.133893
0.057040
0.066838
0.002951
0.131794
0.044488
0.011006
-0.021947
0.001625
0.085700
0.136564
0.072428
0.023204
0.165069
0.088377
0.170818
0.269008
0.194473
0.291753
0.219434
0.328791
0.240831
0.207016
0.278815
0.281460
0.408277
0.413473
0.282000
0.406690
0.376895
0.398331
0.326031
0.264847
0.260359
0.308063
0.275227
0.246837
0.278017
0.127267
0.134349
0.139652
0.070029
0.183077
0.087404
0.129573
0.178494
0.048654
0.131637
0.072123
0.054348
0.132483
0.068146
0.055355
0.129476
-0.019405
-0.024902
-0.030251
0.063523
0.114226
0.017534
-0.039919
-0.148086
0.003820
0.000725
-0.002653
-0.004368
-0.114892
0.029014
0.119718
0.331309
0.401047
0.696045
0.829353
1.031058
1.144635
1.247182
1.188513
1.024766
0.926118
0.772739
0.424699
0.362311
0.078057
-0.083484
-0.123843
-0.111492
-0.099083
-0.172402
-0.167601
-0.047034
-0.120293
-0.022962
0.031120
0.111433
0.091491
0.007326
0.162755
0.100649
0.115006
0.062067
0.055244
-0.001220
0.082977
0.162740
0.132568
0.205003
0.130543
0.119266
0.035484
0.159727
0.115841
0.093113
0.201899
0.234090
0.177172
0.168143
0.276058
0.117643
0.187306
0.133814
0.150588
0.284360
0.273721
0.299993
0.260288
0.356419
0.362915
0.396271
0.394485
0.378064
0.449995
0.517231
0.442181
0.505365
0.560731
0.501575
0.439414
0.514433
0.528535
0.589417
0.534487
0.602470
0.465428
0.452592
0.498371
0.579670
0.466715
0.409671
0.530735
0.545313
0.390861
0.473868
0.427478
0.481079
0.352093
0.336425
0.302952
0.269456
0.415968
0.343020
0.350722
0.280161
0.320758
0.192999
0.264303
0.280724
0.114108
0.276893
0.211927
0.075750
0.238980
0.233525
0.110232
0.140120
0.181188
0.026828
0.179052
0.037399
0.163820
0.161433
0.091821
0.091453
0.058606
0.168094
0.121896
0.178772
0.173461
-0.002513
0.052540
0.084111
-0.005989
0.118703
0.047302
0.000534
0.166713
0.020137
-0.018964
0.153261
0.115813
0.015009
0.016579
0.160992
-0.001414
-0.002675
-0.011795
0.098576
0.049705
0.090158
0.066101
0.112105
0.113119
0.055860
0.179184
0.055045
0.123105
-0.005353
0.162278
0.057464
0.174944
0.040641
0.007447
0.049089
0.053469
0.117789
0.110187
0.132763
0.023480
0.064836
0.120380
0.167965
0.090954
0.135259
0.016354
0.009633
0.163685
0.017361
0.041076
0.159104
0.137544
0.096057
0.182636
0.086022
0.137529
0.199338
0.070257
0.157541
0.166187
0.056890
0.138258
0.042601
0.173904
0.179006
0.081307
0.243514
0.110481
0.198230
0.110358
0.281479
0.253657
0.232486
0.297095
0.258438
0.401599
0.358432
0.271003
0.410389
0.315817
0.368372
0.394479
0.273344
0.427431
0.311875
0.304383
0.414045
0.298095
0.397139
0.415515
0.278889
0.362638
0.271291
0.163920
0.213835
0.117186
0.277874
0.157817
0.071691
0.157386
0.135043
0.207426
0.128990
0.045872
0.178806
0.205540
0.187478
0.043673
0.023161
0.124094
0.006388
-0.020804
0.019892
0.064422
0.030769
0.026035
0.028172
-0.074530
-0.150329
-0.080501
0.012027
-0.032175
0.138903
0.131864
0.299196
0.630620
0.794969
0.972094
1.135214
1.226977
1.239591
1.066553
0.910592
0.825546
0.655190
0.318240
0.150297
-0.025600
-0.104969
-0.088335
-0.303649
-0.227925
-0.261790
-0.262433
-0.167311
-0.143400
-0.057597
-0.099211
-0.067680
0.020595
0.101211
0.066971
0.109104
0.084071
0.026927
-0.036039
0.130399
0.064371
0.014058
0.009543
0.055217
0.127230
0.151736
0.137091
0.081594
0.082895
0.090520
0.117485
0.056076
0.113234
0.084177
0.083174
0.113527
0.247763
0.213473
0.165031
0.258709
0.204202
0.229237
0.282870
0.204686
0.243689
0.333583
0.298104
0.348977
0.412742
0.315382
0.323342
0.402931
0.330107
0.349412
0.480557
0.352141
0.475660
0.387561
0.429821
0.468693
0.414601
0.510101
0.430627
0.372209
0.523406
0.364610
0.407855
0.400347
0.436593
0.341772
0.463992
0.391572
0.321826
0.426824
0.266893
0.427133
0.361545
0.295877
0.269621
0.210850
0.331102
0.184679
0.194030
0.193191
0.226922
0.137131
0.221863
0.050078
0.187295
0.130750
0.075260
0.005697
-0.027941
0.032430
-0.045569
0.037703
-0.037074
0.099447
0.116511
-0.040560
0.063536
-0.076582
0.012002
-0.069904
0.032476
-0.065564
-0.087449
0.010527
-0.073442
-0.029603
-0.063799
-0.104649
0.056772
0.074925
-0.017951
-0.033249
-0.033733
-0.049340
0.059950
0.088035
-0.064254
0.026248
-0.018543
-0.023873
0.063139
-0.005443
-0.059860
0.036995
-0.018731
-0.021735
0.081569
-0.075023
-0.100246
-0.019179
0.085606
0.042624
-0.040919
-0.072034
0.095039
0.068067
0.032478
-0.048072
0.078787
-0.048344
0.069466
-0.017239
-0.083747
0.086366
0.064128
0.086028
0.027052
0.097048
0.025691
-0.014245
-0.044553
0.066033
0.086210
0.091420
-0.065876
-0.062889
0.090949
0.028282
0.011718
0.032435
0.101982
0.067544
0.088829
0.019542
-0.027735
0.000957
-0.031582
-0.052496
0.076868
0.050608
-0.021349
0.036289
0.109799
0.077738
0.154171
0.134036
0.158838
0.156762
0.195715
0.165798
0.181779
0.077670
0.204923
0.279225
0.214080
0.205412
0.167134
0.339366
0.257312
0.352507
0.281912
0.266934
0.176172
0.221140
0.318898
0.189415
0.263964
0.259454
0.124038
0.235402
0.265102
0.203533
0.075704
0.052209
0.182906
0.039133
0.008674
0.044678
0.128172
-0.026954
0.067424
0.070259
-0.034854
-0.035918
0.092639
-0.060889
-0.031047
0.022729
-0.040191
0.016277
0.067654
-0.004235
-0.013999
-0.124511
-0.024192
-0.070224
-0.223435
-0.221554
-0.168872
-0.167178
-0.037848
-0.011583
-0.020871
0.081103
0.389715
0.554936
0.787518
0.854976
0.960765
1.133262
1.065236
1.018201
0.806896
0.788342
0.502021
0.209462
0.101640
-0.117035
-0.117503
-0.192830
-0.310777
-0.377567
-0.238962
-0.275238
-0.337971
-0.283880
-0.141924
-0.142209
-0.217264
-0.092673
0.005972
-0.037231
0.020631
0.011251
-0.049670
-0.020531
0.007828
-0.020957
-0.123648
-0.125291
-0.081112
0.015860
-0.141771
-0.090856
-0.127183
0.007209
0.048088
0.038197
0.006787
-0.046900
0.091089
0.084420
0.113094
0.114972
0.101996
0.082830
0.123843
0.047815
0.146990
0.198179
0.042328
0.118006
0.113442
0.096302
0.188290
0.129103
0.311975
0.237286
0.268145
0.371852
0.351690
0.310503
0.282342
0.397949
0.253345
0.291849
0.316026
0.412799
0.385796
0.400433
0.329210
0.312185
0.324668
0.291758
0.439568
0.437908
0.392156
0.291558
0.356466
0.283341
0.298042
0.225899
0.223271
0.170274
0.204462
0.222149
0.178487
0.257568
0.102375
0.073455
0.219625
0.201801
0.051081
0.089351
0.082117
0.084504
0.056943
0.034973
0.099577
-0.093170
-0.066180
-0.001554
0.020507
-0.031273
0.046961
0.045318
0.001237
-0.018909
-0.138352
-0.004493
-0.168085
-0.053129
-0.096716
-0.185107
-0.160447
-0.068393
-0.006853
-0.067176
-0.011959
-0.048608
-0.121651
-0.125535
-0.012765
-0.116650
-0.195048
-0.180590
-0.056854
-0.017909
-0.031484
-0.100071
-0.141651
-0.103208
-0.054985
-0.042413
0.003894
-0.049842
-0.101779
-0.089765
-0.120858
-0.094348
-0.048386
-0.026374
-0.041894
0.000834
-0.117968
-0.054014
-0.009374
-0.048566
-0.033304
-0.074822
-0.171207
-0.069137
-0.143651
-0.079290
0.007964
-0.158070
0.012598
-0.008402
-0.168662
-0.017314
-0.123910
-0.174553
-0.106727
-0.050524
-0.104066
-0.073218
0.024461
-0.030942
0.000956
-0.088055
-0.079746
-0.145102
-0.152791
-0.073964
0.016515
-0.079331
-0.105696
-0.117879
0.022765
-0.094922
0.012632
0.027732
-0.087340
-0.096427
-0.040512
-0.020249
-0.020469
-0.101046
-0.003995
-0.013356
-0.043473
0.110943
-0.030592
-0.009439
0.145678
0.120012
0.090415
0.096216
0.084117
0.182075
0.237518
0.160432
0.240829
0.212457
0.131004
0.199836
0.192287
0.180589
0.222923
0.243111
0.294375
0.122220
0.253890
0.141760
0.238172
0.202603
0.083298
0.083893
0.211678
0.153655
0.151816
0.039700
0.085450
0.021744
0.052638
0.045333
0.087941
-0.010080
-0.031373
-0.108180
-0.044125
0.024599
-0.060362
-0.026368
-0.132060
-0.128968
0.042333
-0.029780
-0.039422
-0.002465
-0.134293
-0.075134
-0.216665
-0.246681
-0.110331
-0.128475
-0.123722
-0.138248
-0.267688
-0.210238
0.003942
0.059733
0.260368
0.398493
0.620577
0.842792
0.952126
1.087842
1.047953
1.000124
1.045901
0.881177
0.689994
0.389266
0.327315
0.058832
-0.067914
-0.161995
-0.222855
-0.381755
-0.205242
-0.369811
-0.291138
-0.213196
-0.098721
-0.188207
-0.186243
0.021010
-0.073031
-0.112811
0.033336
0.044813
0.030387
0.057360
0.021669
0.015173
-0.024839
-0.009743
-0.010983
0.014931
0.046834
0.012015
-0.027068
-0.001213
-0.007585
-0.014906
0.026953
-0.031882
-0.014660
0.138196
0.089483
0.007845
0.125834
0.108699
0.196817
0.224187
0.119787
0.260513
0.232525
0.120097
0.191404
0.220530
0.349749
0.325674
0.297641
0.329740
0.237484
0.369134
0.255954
0.375342
0.474889
0.341624
0.364870
0.508033
0.448461
0.366153
0.440505
0.399971
0.339291
0.510268
0.376887
0.329724
0.344332
0.359382
0.376371
0.477475
0.285075
0.340805
0.286772
0.243078
0.395393
0.397954
0.302870
0.243182
0.334378
0.261653
0.210795
0.277598
0.118650
0.226493
0.233069
0.193601
0.183400
0.129022
0.174183
-0.012566
0.016889
0.148976
0.078442
0.043502
0.057929
0.025781
0.042102
-0.063772
-0.043796
-0.092099
0.065857
-0.004360
-0.003255
-0.062954
-0.073735
0.072533
0.075902
-0.002959
0.010032
0.009777
-0.057170
0.064497
-0.111633
-0.081778
-0.006552
-0.093533
-0.106148
-0.048700
0.071772
0.029435
0.017185
-0.092324
-0.062525
-0.043360
-0.024721
-0.084292
0.038613
0.063149
0.038599
0.047148
0.046421
-0.097513
0.017629
0.040937
-0.096114
0.007891
0.071980
-0.083033
-0.017324
0.011250
0.073789
0.094324
0.017873
0.004790
0.014172
0.101025
-0.072897
-0.053082
0.070056
0.060428
0.059863
0.054925
-0.008699
-0.073623
0.100076
-0.078432
0.105918
-0.008009
-0.030590
-0.001824
0.042174
0.015704
0.043229
0.038290
0.056928
0.110181
0.042363
0.131245
0.016694
0.006861
0.044481
0.101815
0.069283
0.094580
-0.010417
0.166502
0.145037
-0.006972
0.010573
0.024386
0.084250
0.066247
0.059356
0.260952
0.220361
0.240555
0.162774
0.290327
0.309957
0.200390
0.258098
0.269989
0.366530
0.288452
0.334496
0.309166
0.422694
0.367367
0.374745
0.245724
0.373718
0.258969
0.290671
0.180528
0.205042
0.205984
0.128634
0.189698
0.196793
0.262412
0.071188
0.042309
0.071935
0.026596
0.103963
0.040597
0.182725
0.099954
0.068860
0.128452
0.038605
0.092047
-0.026626
-0.019226
-0.012587
0.006632
0.103656
0.065019
0.100157
0.035477
-0.127798
0.026836
0.002559
-0.185000
-0.177767
-0.113008
-0.114042
0.035185
0.186490
0.311061
0.380559
0.620734
0.754369
1.063910
1.224866
1.210787
1.125330
1.145167
1.012436
0.647757
0.572549
0.388341
0.067851
0.003429
-0.056570
-0.242553
-0.099937
-0.264399
-0.126026
-0.069300
-0.083722
-0.033214
0.075980
0.113916
-0.045415
0.017638
0.165699
0.033159
-0.004951
0.054688
0.051378
0.113958
0.073518
0.109463
0.092550
0.141272
0.189219
0.070182
0.121361
0.154519
0.188587
0.174477
0.194453
0.219268
0.111196
0.101830
0.145376
0.271462
0.174085
0.212515
0.206454
0.195012
0.296828
0.313509
0.276560
0.270952
0.383301
0.264345
0.323540
0.389521
0.321491
0.391128
0.464402
0.491457
0.483348
0.429896
0.479341
0.444335
0.590098
0.492209
0.468023
0.552557
0.515832
0.574560
0.482784
0.575418
0.560853
0.533585
0.467446
0.418843
0.436642
0.554711
0.409242
0.362304
0.507543
0.349689
0.460207
0.438158
0.363667
0.331295
0.280988
0.388731
0.316266
0.371592
0.321568
0.315897
0.261759
0.258987
0.306306
0.098207
0.128578
0.136632
0.108728
0.142184
0.073727
0.220134
0.095369
0.033009
0.203056
0.055471
0.008791
0.013972
0.079085
0.110215
0.015907
0.073096
0.090826
0.149827
0.024918
0.048405
0.065408
0.152502
0.030398
0.037951
0.117259
0.088268
0.134964
0.087687
0.145922
0.068622
0.131412
0.174339
0.085595
0.067675
0.149359
0.124991
0.051354
0.166722
0.115433
-0.007445
0.164495
0.018108
0.075552
0.054857
0.078954
-0.011994
0.017464
0.140096
0.089179
0.125814
0.124212
0.143954
0.057701
0.029480
0.121472
0.119224
0.177620
0.110819
0.098579
0.110320
0.048985
0.085979
0.113693
0.143981
0.062609
0.180623
0.021882
0.064189
0.105029
0.184747
0.131278
0.039969
0.127720
0.133487
0.012087
0.020968
0.101195
0.122645
0.018027
0.130048
0.065844
0.018910
0.101771
0.052334
0.066751
0.165677
0.169649
0.154264
0.154058
0.070531
0.254971
0.156089
0.235898
0.283414
0.321828
0.314542
0.246785
0.349826
0.212363
0.261200
0.371068
0.371801
0.431100
0.358560
0.453596
0.303102
0.317707
0.451913
0.334677
0.300992
0.304865
0.346687
0.238601
0.347382
0.318827
0.306906
0.276643
0.212549
0.228126
0.167606
0.127560
0.247493
0.152929
0.162739
0.178021
0.188573
0.183070
0.203235
0.150891
0.150813
0.040842
0.175626
0.088799
0.172443
0.093922
0.007909
0.140723
0.101246
0.085427
-0.045191
-0.092771
0.012145
0.013049
-0.099988
-0.050403
-0.038830
-0.028991
0.214633
0.244161
0.454417
0.609051
0.763357
1.027049
1.031815
1.137674
1.276515
1.139119
0.857791
0.665961
0.606472
0.247434
0.108990
-0.026753
-0.051309
-0.103833
-0.170476
-0.214627
-0.137700
-0.138606
-0.066323
-0.049078
-0.076664
-0.077657
0.017153
0.038685
-0.005489
0.072091
0.012835
-0.025897
0.022169
0.121376
0.043820
0.007252
0.074786
0.106021
0.049543
0.185062
0.166499
0.183603
0.190027
0.010194
0.104451
0.160800
0.203245
0.060689
0.110866
0.111240
0.110599
0.187389
0.182410
0.154242
0.302000
0.322877
0.187025
0.191554
0.266103
0.241899
0.260404
0.421776
0.351871
0.425960
0.337648
0.335152
0.448381
0.344864
0.448467
0.480036
0.542235
0.522164
0.401710
0.531240
0.466416
0.461177
0.570720
0.482660
0.423070
0.455175
0.391150
0.392877
0.398400
0.482059
0.493034
0.487650
0.422283
0.307921
0.407773
0.339194
0.411497
0.416356
0.304557
0.400962
0.349341
0.290844
0.304692
0.326066
0.148182
0.182387
0.163019
0.257541
0.071916
0.199087
0.115965
0.137216
0.158375
0.175530
0.166603
0.170310
0.148388
0.043321
0.106126
0.028622
0.072381
-0.025866
-0.034241
0.118806
0.121437
0.110003
-0.020316
0.102704
0.021781
0.086267
-0.032416
0.100501
0.015143
0.006798
-0.036161
0.034326
0.100381
-0.003327
0.083523
0.049320
0.004578
-0.012839
-0.012032
-0.057036
-0.013181
-0.041052
0.072252
-0.026262
0.022731
-0.030830
0.071983
-0.052161
-0.084732
-0.012562
-0.062932
-0.083352
-0.003927
0.082293
-0.052532
-0.065226
-0.060902
-0.056962
0.017382
0.012459
0.026026
0.001635
-0.003186
0.072883
-0.009148
0.028965
-0.015436
0.004627
-0.007053
-0.056773
-0.054476
-0.082106
0.007105
0.020096
0.023413
-0.077345
0.076737
0.045429
0.033587
0.059522
-0.004760
-0.040594
0.042492
0.082115
0.033380
0.061752
0.067484
0.053058
0.037419
-0.042605
-0.060363
0.056416
0.028655
0.138576
-0.013353
0.083491
0.032785
0.030991
0.194472
0.047938
0.198853
0.122338
0.092100
0.158772
0.276976
0.192345
0.322001
0.300206
0.290891
0.354179
0.247649
0.266317
0.328715
0.238354
0.250088
0.322860
0.279192
0.358860
0.223240
0.259526
0.295613
0.209168
0.109960
0.229305
0.138005
0.118042
0.044674
0.044043
0.060723
0.097143
0.097707
0.017467
0.080769
-0.027021
0.045415
0.011599
-0.020344
0.056234
0.037452
0.011306
0.041439
0.078038
-0.062540
-0.086604
-0.084160
-0.127428
-0.147605
-0.046966
-0.188286
-0.243685
-0.231255
-0.085405
-0.183539
-0.086792
0.089831
0.114848
0.275753
0.385908
0.605058
0.813853
0.958275
1.158896
1.153317
1.103345
0.892408
0.725150
0.568429
0.294966
0.205740
0.002089
-0.017742
-0.155030
-0.339193
-0.321172
-0.258725
-0.260131
-0.283091
-0.235224
-0.200393
-0.002294
-0.070114
0.047814
-0.092187
0.070278
0.040220
-0.085346
0.042184
-0.039197
-0.011521
-0.072295
0.026477
0.050258
-0.073908
-0.092072
0.018622
0.048924
0.065037
0.057613
0.026036
0.021354
0.125243
0.014492
0.065515
0.080215
0.047232
0.181795
0.099856
0.189310
0.124614
0.182960
0.130774
0.247524
0.234896
0.275724
0.168209
0.321441
0.156183
0.324249
0.214439
0.213703
0.385177
0.336856
0.345778
0.282906
0.279571
0.318277
0.354667
0.407699
0.466406
0.493803
0.416166
0.486362
0.467389
0.332768
0.381498
0.328514
0.389058
0.281570
0.422279
0.381304
0.346632
0.252709
0.265463
0.387832
0.281141
0.259762
0.199326
0.188319
0.291392
0.251165
0.236551
0.238402
0.188655
0.162011
0.006198
0.063926
0.162050
0.063188
0.023468
0.052528
-0.059456
-0.000369
0.056190
0.008162
-0.081505
-0.078859
0.065009
0.024984
0.021067
-0.029354
-0.004767
-0.062881
-0.007587
-0.019126
-0.143064
0.002289
-0.098965
-0.136273
0.017665
-0.043602
-0.035597
-0.137709
-0.113830
0.037202
0.009488
0.020734
-0.027434
-0.004548
0.021935
-0.120552
-0.016278
-0.116519
-0.016705
-0.011886
-0.068740
0.016040
-0.002110
-0.117220
-0.069763
-0.139823
-0.120092
-0.037263
-0.088236
0.011808
-0.004228
-0.150802
0.001922
-0.119532
-0.034077
0.046785
-0.147937
-0.063409
-0.059053
-0.134087
-0.050159
-0.130094
-0.001173
-0.080095
-0.054745
-0.050552
-0.049759
-0.069145
0.055651
-0.013836
-0.131223
-0.106541
-0.065637
-0.040380
0.038244
-0.083381
-0.023820
0.059673
0.048727
-0.028686
0.010838
0.047115
0.053711
-0.074411
0.019335
-0.046493
0.035427
-0.112457
-0.094574
-0.057011
-0.042490
-0.034526
-0.015997
0.068651
0.003783
0.133154
0.089835
0.023935
0.188270
0.130454
0.060598
0.114765
0.136789
0.196880
0.236637
0.203526
0.183022
0.285343
0.338395
0.236786
0.191210
0.279875
0.176939
0.279139
0.245434
0.175680
0.112543
0.139955
0.206355
0.108617
0.134310
0.186001
0.068570
0.026519
0.085899
0.003250
-0.015449
-0.004561
0.052643
-0.013024
0.068713
-0.006738
0.064118
0.007198
0.050673
-0.114632
-0.037701
0.050487
-0.071557
-0.069955
-0.044985
-0.095494
-0.134468
-0.065824
-0.089340
-0.239119
-0.152115
-0.155547
-0.276593
-0.096853
-0.087882
-0.053758
0.115086
0.104909
0.319087
0.502251
0.798962
0.844923
1.099876
1.188052
1.081503
0.950547
0.920098
0.655055
0.411111
0.272743
0.001569
-0.022245
-0.190142
-0.193154
-0.255292
-0.246574
-0.155854
-0.250969
-0.128758
-0.166406
-0.022073
-0.001751
0.006632
-0.022496
-0.056618
-0.060679
0.013610
0.058983
0.020871
0.011145
0.099574
0.002774
0.070278
0.005475
0.082355
0.013072
0.007024
0.120368
-0.040955
0.052896
0.125662
0.060982
0.089976
0.084542
0.026608
0.063208
0.114580
0.076133
0.181465
0.113170
0.109288
0.107577
0.267775
0.271187
0.270106
0.272274
0.186955
0.311704
0.405957
0.396164
0.324201
0.422896
0.456713
0.449518
0.363561
0.441013
0.340498
0.491413
0.446136
0.390475
0.357077
0.383429
0.364526
0.371244
0.359217
0.377528
0.447911
0.325217
0.391404
0.292694
0.373287
0.361596
0.403214
0.311082
0.333668
0.380323
0.312096
0.279392
0.141292
0.234801
0.196848
0.118543
0.245005
0.081658
0.128377
0.212981
0.128447
0.048259
0.140641
0.158832
0.047203
0.144524
0.084898
0.129400
0.083103
0.049946
-0.051155
0.079625
0.041461
-0.013822
0.037666
0.005683
0.034159
0.035763
0.083919
-0.079615
0.034623
0.028392
-0.009517
-0.054200
0.032533
-0.083981
0.048944
0.043989
-0.081065
0.032397
0.064802
-0.000791
-0.058314
0.095802
0.102273
-0.009903
0.087870
0.062442
0.107753
0.083297
-0.002568
0.019082
0.048125
0.074463
0.103269
0.061975
0.046914
0.116668
-0.060344
-0.036220
0.076089
0.032521
0.107677
0.024976
0.124217
-0.025011
0.073660
0.053998
0.034996
0.067026
0.117751
-0.032319
-0.018039
0.093037
-0.008757
0.081790
0.055101
0.118319
0.063092
0.108214
0.095327
0.001404
0.098156
-0.014003
0.120577
0.069177
0.037158
0.021551
-0.034170
0.021837
0.022299
0.120180
0.164523
-0.003406
0.173988
0.166630
0.112376
0.039604
0.166617
0.054013
0.153796
0.067736
0.104609
0.116603
0.143073
0.196042
0.309194
0.360522
0.254863
0.377795
0.336059
0.235266
0.330388
0.256346
0.242599
0.276778
0.271814
0.336770
0.299573
0.245273
0.284882
0.229165
0.252588
0.276713
0.162562
0.137991
0.264708
0.203406
0.174465
0.159993
0.107929
0.173591
0.021694
0.078227
0.109663
0.126440
0.096316
0.060616
0.032478
0.115589
0.126627
0.141096
0.094210
0.016107
0.015936
0.017334
0.089392
0.019107
0.013359
-0.035282
-0.173424
-0.174104
-0.126932
-0.018406
-0.024531
0.190902
0.352573
0.470230
0.724568
0.866098
1.104190
1.035515
1.209030
1.174563
0.914358
0.910495
0.600631
0.419256
0.216693
0.020353
-0.008038
-0.229367
-0.178148
-0.257575
-0.110891
-0.090832
-0.174237
0.006364
-0.066519
0.052376
0.032979
0.097304
-0.000360
0.129259
0.141469
0.006410
0.117112
0.105487
-0.016395
0.085583
0.072617
0.004339
0.111098
0.175231
0.197838
0.117133
0.174628
0.032666
0.059980
0.046175
0.211751
0.123626
0.250818
0.264758
0.280020
0.194859
0.156083
0.159180
0.242347
0.174523
0.350687
0.226268
0.290521
0.368618
0.325426
0.412214
0.449595
0.462027
0.445609
0.429871
0.530740
0.502695
0.510734
0.402515
0.504728
0.438693
0.408895
0.606736
0.485745
0.603646
0.496044
0.442118
0.457447
0.461667
0.430168
0.405104
0.559983
0.446504
0.544443
0.413579
0.417918
0.329818
0.373728
0.458643
0.253891
0.231873
0.320656
0.354645
0.228755
0.346772
0.262876
0.299555
0.117164
0.231970
0.140116
0.221271
0.131355
0.082336
0.114602
0.035744
0.026536
0.094814
0.187603
0.192575
0.064739
0.070517
0.087016
0.108951
0.005414
0.041577
0.136900
0.070718
0.025550
0.084391
0.164984
0.004111
0.084917
0.110767
0.108794
0.144345
-0.023018
-0.017006
0.076434
0.044557
0.079230
0.113157
0.041195
0.169498
0.104748
0.164587
0.103956
-0.011817
0.062260
0.072315
0.169498
0.093169
-0.013198
0.140710
0.047962
0.043233
0.085850
0.098530
0.110933
0.093799
-0.011446
0.071751
0.029007
0.123970
0.115212
0.070230
0.164624
0.102316
0.037747
0.076089
0.068974
0.088153
0.071398
0.162523
0.172507
0.126457
0.068414
0.166559
0.028334
0.014418
0.022994
0.060216
0.158496
0.128144
0.044377
0.138981
0.152541
0.108333
0.034123
0.052482
0.046454
0.167064
0.209439
0.092022
0.200814
0.064479
0.203826
0.107709
0.070846
0.109931
0.220375
0.234194
0.231000
0.157092
0.285329
0.167899
0.203494
0.388008
0.264983
0.419223
0.343020
0.340117
0.310326
0.440529
0.348170
0.288902
0.334612
0.418353
0.420687
0.255706
0.292772
0.381256
0.305032
0.331314
0.249680
0.196001
0.161055
0.170930
0.155451
0.167725
0.076392
0.142683
0.056615
0.223416
0.215893
0.134029
0.167587
0.066473
0.022620
0.174489
0.066648
0.125449
0.061338
0.017270
0.097689
-0.022946
0.130740
0.042180
-0.053562
-0.035662
-0.017304
-0.010283
-0.060528
-0.113519
0.065804
0.088070
0.347026
0.427254
0.537340
0.884831
0.883232
1.059923
1.108520
1.230742
1.149664
0.999519
0.685989
0.506961
0.335682
0.165168
0.003630
-0.034645
-0.233350
-0.281255
-0.306552
-0.137087
-0.100152
-0.086243
-0.036099
-0.128181
0.080899
0.036280
-0.039898
0.095948
0.072281
0.068780
0.057606
0.124846
0.029283
0.138846
0.027668
0.104996
-0.027451
0.042472
0.070483
0.041321
0.142163
0.020860
0.170346
0.164308
0.150355
0.099702
0.204157
0.076482
0.092982
0.253995
0.160076
0.204988
0.250059
0.251557
0.216450
0.265937
0.191825
0.304124
0.240207
0.310211
0.336827
0.384289
0.322434
0.470191
0.351141
0.336384
0.474269
0.339050
0.498671
0.522978
0.380912
0.401894
0.376014
0.434460
0.381388
0.533150
0.555781
0.536113
0.425450
0.490395
0.367920
0.494906
0.403661
0.459921
0.374232
0.337883
0.412132
0.263599
0.396903
0.376751
0.322676
0.393238
0.252567
0.328765
0.332114
0.160345
0.161960
0.126379
0.261306
0.194808
0.113255
0.127029
0.117057
0.082014
0.082131
0.164895
0.039356
0.109520
0.119456
0.146768
0.052756
0.020875
0.103700
-0.035701
0.021925
-0.042805
-0.036679
0.007080
0.013734
0.108564
0.041730
0.103668
0.064548
0.090203
-0.086585
0.094199
-0.044531
-0.060721
0.099029
-0.000649
-0.077207
0.078939
-0.088205
0.084616
0.067938
-0.015798
0.038448
-0.024325
-0.048996
0.077386
-0.074881
0.088628
0.041595
-0.056268
0.030919
0.107620
-0.024340
-0.001235
0.009966
-0.079539
0.020057
-0.000763
-0.053061
-0.066827
-0.062661
0.100254
0.020106
-0.071331
0.076106
0.006147
0.092852
-0.049796
-0.001633
0.049144
0.088169
0.004888
-0.071769
0.048167
-0.069577
-0.076383
0.110121
-0.040459
0.075474
-0.058354
0.071271
0.021567
-0.038172
-0.002696
-0.050865
0.005911
0.004631
-0.016007
0.111902
-0.024289
0.129778
-0.054084
0.112850
0.063838
0.071524
0.041623
0.069817
0.083123
0.156213
0.095123
0.145011
0.165780
0.160547
0.152787
0.226565
0.190145
0.168720
0.290814
0.189544
0.228144
0.240473
0.266522
0.351556
0.345099
0.317790
0.231619
0.244345
0.256479
0.295370
0.240398
0.195134
0.270290
0.126301
0.116891
0.225147
0.125136
0.209463
0.161688
0.155571
0.030905
0.040630
0.138177
0.030338
-0.015221
0.071870
0.029104
0.014205
-0.022456
-0.094741
-0.042725
0.065950
-0.044709
0.074787
0.011968
-0.132088
-0.004350
-0.097879
-0.000076
-0.186246
-0.221414
-0.107645
-0.075728
-0.063531
-0.045892
-0.033971
0.002903
0.332458
0.347899
0.533578
0.831811
1.035798
1.106082
1.109199
0.988080
0.979183
0.816786
0.664398
0.467132
0.115477
-0.062739
-0.106907
-0.145513
-0.363958
-0.240803
-0.394462
-0.313065
-0.290567
-0.096036
-0.232285
-0.070586
-0.025318
-0.096745
0.041071
0.016001
-0.042771
-0.049257
-0.127311
-0.051551
-0.117474
0.043881
-0.110113
-0.084590
0.082078
-0.043560
-0.001224
0.084584
-0.090941
-0.058272
-0.052988
0.075229
-0.065978
0.033415
0.093568
0.107084
0.025356
0.014546
0.087239
0.005407
0.098547
0.143153
0.055351
0.192733
0.246313
0.097584
0.118152
0.194561
0.173443
0.166069
0.235003
0.357673
0.319962
0.299706
0.329962
0.312584
0.280194
0.372088
0.353775
0.401504
0.356814
0.330971
0.296492
0.323149
0.403156
0.324737
0.374628
0.467490
0.440976
0.463626
0.426890
0.283729
0.295318
0.384223
0.213688
0.343456
0.309486
0.221330
0.214294
0.127728
0.263997
0.138183
0.240495
0.105037
0.108073
0.181647
0.089780
0.080081
0.101308
0.007156
0.102784
0.126323
0.066006
0.091904
0.038320
0.016026
0.064548
0.024356
-0.102585
0.029509
0.051321
-0.052018
0.033272
-0.050075
-0.019529
-0.025106
0.028312
-0.022885
-0.018788
-0.111870
0.004818
-0.145389
-0.092208
-0.016414
-0.004406
-0.069812
0.027994
-0.038914
-0.152735
-0.032826
-0.050212
-0.097209
-0.167435
0.015372
-0.126296
-0.151850
-0.060095
-0.082306
-0.062578
0.011170
-0.153420
-0.151515
-0.127015
-0.037854
-0.101387
-0.144351
-0.052366
-0.078196
-0.021454
-0.031463
0.027496
-0.050959
-0.142505
-0.075083
-0.098428
-0.013984
-0.119963
-0.127493
-0.112981
-0.115945
-0.077998
-0.156286
-0.027637
-0.044997
0.028392
-0.048156
-0.123338
-0.117120
0.045642
0.005597
-0.070378
-0.106530
-0.072763
-0.063998
-0.134944
0.012648
-0.130934
0.032264
0.030631
-0.121337
-0.126092
-0.049845
0.044364
-0.012918
0.071196
-0.002429
-0.046363
0.060125
0.003672
0.043765
-0.027764
-0.049186
-0.025665
0.091431
0.113641
0.085238
0.159298
0.080535
0.069760
0.117824
0.117868
0.243500
0.312230
0.201568
0.134936
0.262201
0.174334
0.256479
0.241756
0.198676
0.264810
0.181225
0.207039
0.177685
0.070726
0.077592
0.173522
0.096642
0.043685
0.005205
0.053229
0.011736
0.065980
-0.057911
-0.069232
0.064874
0.043698
-0.034769
0.078830
-0.002580
-0.055366
0.021125
0.009828
-0.033393
-0.118867
-0.124061
-0.112495
-0.022465
-0.040875
-0.029123
-0.099668
-0.092155
-0.149517
-0.270822
-0.254662
-0.225060
-0.186622
0.003535
-0.067508
0.195884
0.324296
0.515098
0.690921
0.937389
0.996264
1.119926
1.050171
0.912557
0.826716
0.669432
0.501776
0.166351
0.021821
-0.007917
-0.192501
-0.286464
-0.314652
-0.294043
-0.293411
-0.315152
-0.144724
-0.156441
-0.156784
-0.180395
-0.100001
-0.143597
-0.108792
0.049718
0.026995
-0.106045
0.065166
-0.004811
0.012652
-0.071189
0.070436
-0.006387
-0.107370
0.089282
0.076010
0.034746
-0.071017
0.045970
-0.060708
-0.007691
0.065808
-0.044400
-0.008598
0.115984
0.088087
0.033099
0.190296
0.063294
0.105102
0.081091
0.138949
0.228344
0.103330
0.226228
0.174628
0.331650
0.268682
0.213333
0.364613
0.364917
0.298780
0.368935
0.380590
0.392700
0.401487
0.298208
0.378434
0.496886
0.445593
0.503765
0.496800
0.461612
0.406866
0.477665
0.480798
0.340096
0.365142
0.397885
0.310464
0.354250
0.284327
0.351532
0.374183
0.333102
0.197462
0.305943
0.283515
0.144326
0.268838
0.105731
0.261251
0.206478
0.066835
0.100303
0.046495
0.052686
0.185837
0.173405
0.128972
0.141409
0.083285
0.066506
0.028742
0.120255
0.059960
-0.014862
-0.080213
0.045770
-0.002015
-0.003761
0.051663
0.053209
0.073578
-0.020172
-0.082776
-0.084136
-0.001067
0.073832
0.064102
-0.010723
-0.063656
-0.076138
0.032416
-0.076858
-0.030996
-0.049158
-0.034550
0.043288
-0.111159
-0.069851
0.065963
0.053449
0.052448
-0.081830
-0.050886
0.036393
0.010157
0.009143
0.074201
-0.006306
0.052242
0.055660
0.025874
0.016420
-0.042857
0.091626
0.083871
0.030367
-0.063613
-0.062104
-0.031909
0.030650
-0.038455
-0.033548
0.084960
0.103380
0.078928
0.008644
0.085429
0.053154
0.102789
-0.035184
0.098669
0.065926
0.047535
-0.038443
0.081553
0.005268
-0.002382
0.016139
-0.024165
0.040876
0.118341
0.101997
0.120254
0.032588
0.033982
0.046007
0.108249
0.110245
-0.027206
0.003183
0.026163
0.112447
0.110802
0.049366
0.066554
0.072223
0.112597
0.208128
0.240465
0.179290
0.272623
0.267654
0.172620
0.202779
0.184888
0.359536
0.262411
0.365449
0.386619
0.368030
0.285302
0.233278
0.372385
0.335933
0.323981
0.339445
0.317025
0.327393
0.310040
0.216772
0.184639
0.163103
0.286088
0.172074
0.218149
0.133014
0.177647
0.155897
0.193230
0.146648
0.053080
0.158615
0.032025
0.152077
0.161164
0.052893
0.127321
0.021037
-0.032275
0.146574
-0.003680
0.057451
0.108283
-0.039865
-0.042463
0.016667
-0.059348
-0.117396
-0.133969
-0.054459
-0.171098
-0.134121
0.114387
0.211272
0.245271
0.361632
0.604707
0.859116
1.073466
1.125758
1.188661
1.122441
1.025242
0.813250
0.702299
0.599395
0.281022
0.097784
-0.079703
-0.090203
-0.172855
-0.130553
-0.276611
-0.132549
-0.186323
-0.065960
-0.134416
0.037283
-0.018506
0.094655
0.003983
0.081709
0.067814
0.118648
-0.008604
-0.005419
0.076824
0.081307
0.144688
0.092639
0.076981
0.041391
0.057597
0.155336
0.099770
0.113737
0.156977
0.146492
0.220716
0.168625
0.159164
0.201478
0.175327
0.231726
0.268936
0.251440
0.164707
0.314633
0.312724
0.273377
0.201790
0.337115
0.321788
0.372696
0.251094
0.338189
0.450340
0.464089
0.492843
0.387315
0.353446
0.447584
0.379675
0.546097
0.403567
0.518717
0.465157
0.466469
0.577851
0.523020
0.505605
0.535086
0.455338
0.419906
0.464227
0.487376
0.404408
0.387544
0.522802
0.390093
0.388142
0.363287
0.433021
0.279103
0.258177
0.256107
0.280366
0.376407
0.204721
0.351603
0.181564
0.271255
0.163192
0.170482
0.192294
0.078751
0.074358
0.229976
0.056264
0.150999
0.090769
0.196812
0.138940
0.053768
0.071472
0.018516
0.131929
-0.014924
0.170055
0.071975
0.101126
0.073779
0.051530
0.041780
0.006238
0.024620
0.087647
0.103367
-0.036853
0.028275
0.031872
-0.018715
-0.007700
0.045886
0.001194
0.030781
0.096364
0.113741
0.027974
-0.035777
-0.006788
0.019580
0.046292
0.024936
0.054948
0.031175
-0.006287
0.020878
0.070530
0.127801
0.165299
0.104028
0.008235
-0.002985
0.084409
-0.008766
0.137070
0.135386
0.127580
0.126051
0.124257
0.024483
0.136853
0.060283
0.149413
0.005022
0.166906
0.007737
-0.014336
0.055632
0.036519
0.047228
0.111516
0.054679
0.130801
0.129129
0.048526
0.136232
0.037089
0.022838
-0.007163
0.064482
0.135349
0.134007
0.086826
0.017702
0.131189
0.049367
0.072711
0.196908
0.008742
0.097796
0.172886
0.093712
0.037659
0.222174
0.235942
0.084816
0.231668
0.100278
0.128265
0.183775
0.280555
0.226105
0.187337
0.329266
0.326005
0.261665
0.344660
0.439830
0.448838
0.283693
0.422331
0.354045
0.343860
0.445445
0.360159
0.287701
0.288767
0.273290
0.221472
0.260088
0.313525
0.232492
0.180497
0.226467
0.111429
0.104826
0.144159
0.246078
0.061329
0.214013
0.124021
0.066370
0.071733
0.134484
0.045762
0.044939
0.047026
0.030900
0.033401
0.169908
0.149878
0.170814
0.013154
0.018008
-0.016855
-0.078265
-0.073655
0.025274
-0.032462
0.078630
0.029883
0.010880
0.113626
0.264960
0.456790
0.596264
0.786657
0.857017
1.135333
1.191173
1.292427
1.047134
1.093177
0.784455
0.745135
0.418427
0.277690
0.004051
0.019172
-0.175516
-0.276971
-0.139486
-0.139778
-0.241087
-0.205006
-0.119789
-0.069544
-0.058984
-0.077718
0.011021
0.059826
0.014849
-0.033681
0.021256
0.093300
0.018192
0.009632
0.130289
0.145996
0.111650
0.028120
0.103441
0.182894
0.060507
0.026884
0.154459
0.198331
0.092933
0.051260
0.066925
0.217594
0.151096
0.104260
0.125949
0.227883
0.253265
0.210288
0.311938
0.266067
0.201700
0.336573
0.222181
0.388601
0.375924
0.421194
0.298536
0.357057
0.416256
0.500245
0.325367
0.386201
0.373385
0.537095
0.385520
0.386740
0.508590
0.478530
0.469911
0.554110
0.404908
0.404897
0.578672
0.499430
0.576044
0.407270
0.550196
0.478000
0.420249
0.346324
0.362570
0.303208
0.280167
0.380498
0.427939
0.366887
0.214436
0.359130
0.178837
0.313585
0.195098
0.291850
0.204307
0.179737
0.159165
0.122235
0.119599
0.105778
0.134332
0.023421
0.072989
0.164052
0.076302
0.150839
-0.006982
0.013025
0.115772
0.100501
0.123068
-0.023174
0.002112
0.066220
0.111342
0.009359
0.042849
0.056764
0.076740
0.089858
0.004523
0.058539
0.069064
0.007161
0.037280
0.050242
-0.054194
-0.033440
0.013404
-0.046150
0.003279
0.073802
0.047698
-0.033743
-0.082967
0.038593
0.048457
-0.005805
0.091359
0.010784
0.010578
0.096416
-0.022433
-0.029436
0.087258
0.084520
0.079779
0.032991
0.112391
-0.034214
0.065716
-0.022405
-0.079742
-0.028995
0.114544
-0.007874
0.114888
-0.031043
0.046783
0.060245
0.060417
0.064361
-0.060768
-0.055671
0.034485
0.020334
0.044575
0.100398
-0.010543
0.003594
0.077505
-0.022167
0.038288
0.086174
-0.062512
0.038225
0.079883
-0.066707
-0.015283
-0.063119
-0.017921
-0.007687
0.031468
0.086892
0.026459
0.057552
-0.013530
0.102623
0.065708
0.163555
0.196121
0.066730
0.183729
0.241948
0.201826
0.201168
0.193445
0.140693
0.226320
0.283287
0.243176
0.240703
0.220325
0.225113
0.231654
0.215217
0.315949
0.378836
0.374450
0.347463
0.307319
0.297369
0.298418
0.166975
0.160902
0.271240
0.126735
0.211839
0.195018
0.098613
0.180702
0.012432
-0.030540
0.123342
0.014349
-0.038174
0.040665
-0.035231
0.047330
-0.004979
-0.008643
0.046504
0.084317
0.024801
-0.042594
0.027169
-0.085789
-0.082773
-0.135325
-0.155036
-0.049023
-0.210687
-0.220889
-0.117214
-0.081600
-0.145298
-0.049580
0.127647
0.296202
0.367021
0.497299
0.812454
0.866796
0.952203
1.152107
1.052551
0.917231
0.796754
0.571153
0.511647
0.241190
-0.013174
0.022870
-0.218929
-0.307294
-0.259089
-0.226262
-0.231111
-0.288471
-0.154379
-0.226634
-0.070979
-0.017834
0.035585
0.024203
0.045130
-0.010564
0.063148
-0.098346
-0.097106
0.026989
-0.085803
0.017690
0.089248
-0.039940
0.014110
-0.035559
-0.024487
0.039075
0.091341
-0.031269
0.006998
-0.018595
0.034547
0.053563
0.116866
0.004968
0.162839
0.189228
0.198645
0.101297
0.192221
0.218243
0.217924
0.158726
0.165732
0.308372
0.290017
0.159844
0.295176
0.337328
0.343323
0.309825
0.376501
0.351568
0.406383
0.388687
0.435173
0.392784
0.341401
0.476899
0.473552
0.423258
0.317238
0.405442
0.454884
0.479294
0.310980
0.388084
0.280852
0.306485
0.329531
0.386645
0.354888
0.407737
0.273125
0.203292
0.335628
0.302271
0.296707
0.273597
0.287026
0.137432
0.104437
0.075975
0.025848
0.058842
0.043562
0.159161
0.059083
0.149178
-0.056982
0.104073
0.010182
-0.062454
0.027914
-0.040002
-0.097176
-0.052671
0.002929
-0.105034
0.006744
-0.043926
-0.052678
-0.035272
-0.023791
-0.100899
-0.056960
0.014674
-0.020248
-0.056555
-0.008853
-0.141611
-0.068509
-0.013330
0.017769
-0.141698
-0.101119
-0.136307
-0.061075
-0.008250
-0.026781
-0.035317
-0.121170
-0.073859
0.032805
-0.130661
-0.045293
-0.147224
-0.117188
-0.054117
-0.070580
0.030909
-0.032983
-0.077867
-0.141777
-0.044423
-0.047330
0.027171
-0.004675
-0.031771
0.020367
-0.130017
-0.038573
-0.088817
0.038501
-0.064482
-0.142856
-0.100307
0.002875
0.032560
0.000213
-0.087939
0.013691
-0.098919
-0.034695
-0.077652
-0.008672
-0.002700
-0.027266
-0.001734
0.039506
-0.042303
-0.086586
-0.000834
0.030126
0.058430
0.039877
-0.055585
-0.117617
-0.011204
0.007219
-0.068605
0.008652
0.042285
0.022488
0.029700
-0.033507
0.075491
-0.013653
0.131887
0.036862
0.056123
0.052952
0.053172
0.205054
0.094603
0.100192
0.074980
0.140553
0.119534
0.259646
0.175504
0.300986
0.292204
0.196197
0.285703
0.165735
0.286418
0.265638
0.305071
0.190412
0.136796
0.124925
0.160949
0.123414
0.103601
0.040866
0.107179
-0.003329
0.074876
-0.035197
0.019821
0.048163
0.107501
-0.086064
-0.035567
0.026286
-0.045353
-0.048466
0.036867
-0.077802
-0.113643
0.058057
-0.121482
-0.126855
-0.042507
0.036717
-0.165225
-0.105490
-0.062840
-0.081052
-0.235688
-0.206085
-0.110588
-0.192837
-0.107990
-0.083235
0.017148
0.178921
0.408307
0.560119
0.789034
0.914516
1.012970
1.061878
1.150322
0.893091
0.801771
0.707322
0.492147
0.111279
-0.060948
-0.118156
-0.298107
-0.201913
-0.237805
-0.305680
-0.248160
-0.291072
-0.164805
-0.204757
-0.048625
-0.102936
0.011593
0.030424
0.036488
-0.031910
-0.005790
-0.105657
-0.121826
-0.023329
-0.038208
0.083154
0.087022
-0.049994
-0.003633
0.068025
0.019351
0.012154
-0.079405
-0.075491
0.063848
0.107770
0.116931
0.106147
0.010998
0.080219
0.090200
0.124098
0.113133
0.088775
0.046443
0.064517
0.170271
0.097643
0.277110
0.187016
0.221788
0.154728
0.253087
0.326713
0.289960
0.264939
0.410975
0.420963
0.328253
0.352855
0.334954
0.484717
0.339084
0.438440
0.346219
0.353098
0.496139
0.363307
0.514310
0.391516
0.314163
0.477185
0.466781
0.395059
0.370456
0.279518
0.324654
0.338760
0.412818
0.290373
0.348553
0.348561
0.318310
0.233171
0.271522
0.103695
0.153961
0.110687
0.177763
0.102625
0.061542
0.179975
0.137627
0.047714
0.159295
0.077440
0.036095
-0.018386
-0.029765
-0.072837
0.087689
-0.031610
-0.012672
0.045622
0.068308
-0.016340
0.034220
0.066688
0.013193
0.082579
-0.081308
0.008541
0.019139
-0.084748
-0.088712
-0.090151
-0.100072
0.065040
0.052533
-0.046289
-0.098794
-0.050170
-0.102449
-0.097595
0.030197
-0.031433
-0.008676
-0.057749
0.033895
0.063843
-0.073641
-0.028857
-0.026587
-0.001611
-0.070223
-0.021115
-0.102407
0.080698
-0.015128
0.046744
-0.079545
-0.081891
0.058748
0.087806
-0.050062
-0.004515
-0.052663
-0.071817
-0.075099
0.107197
-0.002319
-0.038770
0.057204
-0.010553
0.030734
0.069533
0.057197
0.105250
0.068752
-0.047406
0.018720
-0.020906
0.093007
0.054145
0.059876
-0.053192
0.046711
-0.001569
0.008344
-0.032801
0.096664
0.121624
0.115387
0.057732
0.025555
-0.053918
-0.041372
0.057961
0.056553
-0.030230
0.067511
-0.009971
0.149098
0.093393
0.212173
0.147273
0.223560
0.179599
0.177101
0.217717
0.304047
0.136352
0.206839
0.181680
0.315066
0.319821
0.223890
0.347694
0.241715
0.350074
0.258347
0.283392
0.284659
0.378733
0.243061
0.349519
0.286465
0.274489
0.273682
0.157300
0.198063
0.161930
0.097052
0.110945
0.192340
0.151000
0.083502
0.075327
0.090329
0.059442
0.124885
0.071032
-0.020672
0.160293
-0.025236
0.036169
0.102536
0.089877
-0.051174
0.049235
0.010493
-0.022036
-0.006252
0.072625
0.037994
-0.015426
-0.006096
-0.140525
-0.022028
-0.089799
-0.064400
0.044648
0.239759
0.380255
0.617016
0.825371
0.995581
1.049925
1.091365
1.100839
1.076001
0.971390
0.791757
0.572471
0.299970
0.251366
0.044552
0.011244
-0.142753
-0.249954
-0.166580
-0.231650
-0.082934
-0.159121
-0.043313
-0.028084
0.043488
0.022453
-0.012756
0.036418
0.017606
0.034575
0.108792
0.118322
0.094134
-0.008170
0.029200
0.012753
0.149003
0.153072
0.130823
0.084983
0.078687
0.035254
0.036803
0.063857
0.217515
0.197288
0.221189
0.260598
0.221652
0.093701
0.099589
0.270254
0.259072
0.320961
0.319438
0.282546
0.336242
0.370609
0.294554
0.256496
0.338345
0.310313
0.307082
0.312965
0.415030
0.406445
0.378087
0.518863
0.370967
0.484089
0.448020
0.460772
0.536458
0.502455
0.538915
0.493295
0.470931
0.442467
0.512596
0.507346
0.506340
0.480929
0.504868
0.441235
0.392501
0.344706
0.501695
0.316150
0.347859
0.284975
0.274139
0.429438
0.326314
0.373952
0.309126
0.321864
0.170506
0.217692
0.316012
0.111893
0.117726
0.085338
0.111697
0.082624
0.196914
0.044432
0.068119
0.212914
0.064329
0.081126
0.010115
0.033931
0.156907
0.107564
0.127304
0.005787
0.172339
0.107379
0.149678
0.018686
0.091873
0.052682
0.044243
0.146309
0.135098
0.075095
0.125828
-0.014720
0.035002
0.074680
0.055883
-0.012891
0.090406
0.097417
0.085234
0.056647
0.105981
0.009141
0.152842
0.169531
0.161497
0.037411
-0.010459
-0.022902
0.118122
0.155631
0.102306
0.030923
0.015438
0.174425
0.060502
0.103237
0.164655
0.106492
0.011360
0.027507
0.169394
0.080660
0.079732
0.089951
0.163212
0.080671
-0.000890
0.137962
0.082014
0.019610
0.045079
0.041720
0.045747
0.176049
0.070091
0.072405
0.082697
0.052748
0.163167
0.102919
0.103223
0.009771
0.065630
0.063420
0.166777
0.061678
0.070503
0.167002
0.131452
0.035915
0.171066
0.097953
0.090636
0.093313
0.225143
0.180467
0.126703
0.148410
0.286914
0.226933
0.302149
0.338352
0.314533
0.289629
0.289696
0.321242
0.349767
0.412942
0.360627
0.306219
0.367511
0.278898
0.276937
0.384956
0.301839
0.372688
0.259934
0.273719
0.378271
0.377378
0.200252
0.194789
0.327552
0.302681
0.304693
0.230774
0.223427
0.250372
0.194675
0.135376
0.148226
0.164636
0.036674
0.171007
0.099272
0.135288
0.173779
0.130238
-0.009631
0.044518
0.087201
0.092193
0.062434
-0.058226
0.021949
-0.107864
0.026127
-0.011009
-0.080185
-0.016906
-0.029113
-0.026859
0.068965
0.151041
0.345336
0.624390
0.652463
1.018561
0.979077
1.166651
1.167696
1.174851
1.025293
0.914599
0.647587
0.470207
0.241600
0.111166
-0.100642
-0.126064
-0.244912
-0.085478
-0.188576
-0.060202
0.004382
-0.087079
0.058344
-0.068615
0.119467
0.029634
0.033793
0.159338
0.088302
0.039473
0.177818
0.153212
0.013951
0.193267
0.021920
0.106510
0.025769
0.026173
0.124763
0.201750
0.035725
0.205395
0.134440
0.111747
0.216124
0.249577
0.199646
0.275585
0.192233
0.283817
0.224391
0.292619
0.317111
0.321517
0.328517
0.364595
0.210199
0.416518
0.412158
0.382496
0.410541
0.474975
0.387159
0.497865
0.526365
0.431118
0.405010
0.491912
0.495346
0.385913
0.497895
0.499563
0.583469
0.435747
0.519661
0.399233
0.555766
0.505377
0.437326
0.417849
0.380526
0.455665
0.363705
0.475374
0.315916
0.292959
0.438549
0.423027
0.273041
0.377556
0.263024
0.369557
0.341329
0.188493
0.238249
0.259845
0.257987
0.252616
0.162282
0.227280
0.168352
0.073600
0.046260
0.036861
0.153193
0.089922
0.048017
0.140889
0.114451
-0.030280
0.117117
0.104565
0.087830
0.045681
-0.018363
0.073025
-0.029439
0.013641
-0.035142
-0.056602
0.070158
-0.055603
0.044135
0.119230
-0.049474
0.041616
-0.045562
-0.049966
0.088313
0.106680
-0.014412
0.040725
-0.068338
-0.011220
0.109759
0.046790
0.044532
0.101803
0.095361
-0.042477
-0.060646
0.104350
0.012894
-0.041541
-0.025811
-0.009381
0.081849
-0.008027
-0.066596
0.095416
0.127834
0.125404
0.050688
0.045485
0.001639
0.104246
0.094632
-0.014948
0.024936
-0.056649
-0.067718
0.098054
-0.050468
0.031063
0.097243
0.060909
0.054413
0.065654
0.096468
0.018426
-0.058231
-0.024663
0.107842
0.044954
-0.028750
-0.050757
-0.027179
0.129528
0.014299
0.087347
-0.031382
0.070197
-0.000110
0.113994
0.025766
0.030128
0.157295
0.055497
0.027238
0.119028
0.069681
0.222820
0.141697
0.170622
0.105881
0.298812
0.218390
0.172515
0.164609
0.327380
0.179498
0.225651
0.334824
0.296679
0.362086
0.228696
0.359497
0.242762
0.289519
0.354944
0.318030
0.274515
0.247653
0.255432
0.238600
0.129829
0.046765
0.136927
0.057416
0.067951
0.066354
0.096748
0.128425
0.123915
0.130937
0.112387
-0.048639
0.066403
0.047690
-0.070681
0.067313
-0.029287
-0.026187
-0.081213
-0.065605
-0.054578
0.041008
-0.113140
-0.095313
-0.077830
-0.139046
-0.195011
-0.138512
-0.056513
0.078374
0.181589
0.315203
0.474922
0.539621
0.829046
0.970887
1.044037
1.141060
1.146238
0.854480
0.733488
0.596757
0.431358
0.126268
0.012072
-0.177623
-0.120888
-0.313331
-0.258157
-0.315520
-0.285985
-0.248709
-0.171157
-0.175588
-0.155386
-0.005917
-0.143870
0.027964
0.031587
-0.036317
0.028099
0.027904
-0.088312
0.071044
0.055833
0.002003
-0.111206
-0.075690
-0.048192
0.005103
0.042154
-0.086987
-0.015126
0.032427
-0.008013
-0.017321
0.053427
0.110925
0.145572
0.136847
0.162330
0.108112
0.195399
0.028084
0.178825
0.176559
0.104964
0.222753
0.275392
0.128548
0.318539
0.271750
0.225849
0.290699
0.210848
0.257503
0.291584
0.407983
0.267013
0.405818
0.324443
0.300648
0.450654
0.442381
0.446815
0.315093
0.438955
0.388222
0.311198
0.403961
0.443983
0.299981
0.433786
0.442473
0.254620
0.298989
0.360305
0.249678
0.349543
0.188159
0.330557
0.232343
0.273875
0.254363
0.149217
0.106496
0.191843
0.187390
0.058734
0.139014
0.098070
0.042126
0.078557
0.026445
0.073255
-0.066684
-0.065154
0.005001
-0.031310
-0.055328
-0.085350
0.020152
0.005992
0.024160
-0.117863
0.011298
-0.136373
-0.052284
-0.125970
-0.034977
-0.134444
0.019185
-0.014731
0.018763
-0.000227
-0.165539
-0.103810
-0.110469
-0.145658
0.001411
0.027252
-0.062128
-0.057742
-0.060530
-0.102312
-0.056755
-0.130908
-0.059612
-0.118801
-0.075146
-0.116238
0.006658
-0.153798
-0.124899
0.015909
-0.007136
-0.135045
-0.089992
-0.051544
-0.133197
-0.047631
-0.075059
-0.083473
-0.043332
0.012943
0.011656
0.000861
-0.126453
-0.032773
-0.120304
-0.062293
-0.145625
0.014815
-0.046399
0.031532
-0.006073
-0.073274
-0.028638
-0.029295
0.028756
0.044026
-0.034518
-0.080874
0.027718
0.043824
0.001956
0.038082
-0.010055
0.043832
-0.114645
-0.037546
-0.043018
-0.045812
0.013855
-0.031787
-0.096101
0.012199
0.045755
0.019730
-0.012174
-0.038902
0.037183
-0.006115
0.108934
0.023875
0.084618
0.169750
0.016298
0.157690
0.180705
0.245992
0.264109
0.251230
0.274837
0.147817
0.189921
0.287030
0.144722
0.148189
0.339585
0.181263
0.264584
0.213826
0.166478
0.157815
0.271344
0.242274
0.072092
0.062089
0.152560
0.083662
0.085943
-0.030994
0.109784
-0.058017
0.063298
0.095567
0.098413
-0.055672
-0.033258
-0.000434
0.042249
0.050585
-0.096254
-0.022696
-0.128930
-0.019816
0.033873
-0.055520
-0.110656
-0.142679
-0.026514
-0.041616
-0.208553
-0.088399
-0.187441
-0.128553
-0.084374
-0.035920
-0.085597
0.053815
0.223260
0.296282
0.470967
0.688919
0.831842
1.068582
0.980392
1.077334
1.054528
0.825464
0.617912
0.340221
0.242905
0.074999
-0.095922
-0.201139
-0.386723
-0.276064
-0.296483
-0.408888
-0.246617
-0.306227
-0.161907
-0.186826
-0.091700
-0.074513
-0.017586
0.009500
-0.014664
-0.043143
-0.011426
-0.037532
-0.063006
-0.108777
-0.093077
-0.110889
-0.092202
-0.115793
0.054209
0.026919
-0.089548
-0.069397
-0.022487
0.050344
-0.012510
-0.022044
-0.049049
0.098796
0.052198
0.081698
-0.017559
0.069647
0.166756
0.091769
0.109882
0.099145
0.106426
0.251760
0.098091
0.254468
0.183346
0.263957
0.314338
0.366476
0.244265
0.292101
0.229330
0.332485
0.378057
0.392751
0.375946
0.365893
0.406526
0.415340
0.456148
0.332995
0.445187
0.480175
0.365282
0.458290
0.395452
0.326583
0.438080
0.466937
0.311162
0.261424
0.259629
0.383534
0.285747
0.306026
0.204348
0.259108
0.329692
0.303308
0.189040
0.179262
0.135630
0.074797
0.125091
0.086418
0.206225
0.081382
0.061492
0.047594
-0.010588
0.029436
0.037587
-0.017008
0.048523
0.034817
0.045337
-0.051894
-0.009864
-0.048346
0.012540
0.075824
0.032651
-0.047522
-0.036934
-0.019907
0.002257
0.024382
-0.051992
0.004681
-0.078395
-0.107333
-0.132302
-0.127256
-0.063619
0.026966
-0.046120
-0.103798
-0.069568
-0.105896
0.037564
-0.040261
-0.108846
0.060847
0.065893
-0.070601
0.044267
0.052269
0.002472
-0.029166
0.018087
-0.056602
-0.015225
-0.048385
-0.005229
0.027209
-0.042295
-0.079642
0.017520
-0.044015
-0.006028
0.014927
0.027220
0.076940
-0.089381
-0.003427
0.014556
0.044067
-0.068016
0.008620
0.037546
-0.095345
0.041895
-0.022641
0.094437
0.024668
-0.011244
-0.021727
-0.085879
-0.057453
-0.010820
-0.042245
-0.063879
-0.002217
0.110832
0.023967
0.017389
-0.022241
0.033432
-0.015573
-0.066465
0.023164
0.072490
0.077831
0.058393
0.024655
-0.036669
0.078098
0.026248
0.041986
0.094477
0.072635
0.175380
0.185772
0.100310
0.137736
0.136040
0.197349
0.207412
0.316439
0.307718
0.291428
0.275811
0.251874
0.381527
0.342111
0.357649
0.257629
0.380834
0.349780
0.352510
0.347765
0.294377
0.183705
0.254109
0.284081
0.288715
0.204164
0.110992
0.213940
0.225710
0.234543
0.053560
0.204070
0.151267
0.055155
0.092075
0.113777
0.045088
0.112076
0.146400
0.128066
0.149283
-0.007016
-0.026280
0.018496
-0.048312
0.032523
-0.064815
0.087877
-0.011910
-0.107029
-0.048102
-0.168192
-0.050114
-0.155192
-0.154161
-0.105840
-0.050257
0.100480
0.174882
0.352086
0.620173
0.712331
0.890914
1.055889
1.227812
1.268157
1.124499
1.045529
0.899944
0.614701
0.465981
0.182019
0.040043
-0.097014
-0.145567
-0.221120
-0.203747
-0.134828
-0.210163
-0.202496
-0.157776
-0.083053
0.064851
0.115352
0.017411
0.046246
0.067423
0.148943
0.114004
0.080576
0.156511
0.082913
-0.000662
0.110539
0.095545
0.187392
0.005019
0.201246
0.179444
0.170545
0.176229
0.068800
0.102001
0.235959
0.112728
0.238757
0.175910
0.115567
0.222878
0.258620
0.243523
0.274579
0.329501
0.271277
0.245669
0.403546
0.319486
0.403889
0.402109
0.372755
0.481950
0.315702
0.341628
0.484086
0.368339
0.489668
0.471738
0.483387
0.480936
0.521279
0.561506
0.437884
0.514738
0.443566
0.448153
0.486958
0.433553
0.592232
0.534622
0.510519
0.414381
0.489708
0.485008
0.401437
0.361528
0.419300
0.350018
0.297039
0.272770
0.260830
0.324106
0.318067
0.365282
0.234242
0.159995
0.251986
0.251517
0.187589
0.192487
0.249504
0.090197
0.075468
0.214400
0.091672
0.078812
0.098194
0.019259
0.087512
0.166189
0.154722
0.072601
0.156266
0.083107
0.031434
0.135849
0.063362
-0.017060
0.048832
0.061363
0.072098
0.030450
0.067413
0.062018
0.163432
0.089936
0.070372
0.016745
0.101930
0.040961
0.110146
0.153623
0.038189
0.034822
-0.005923
0.016551
0.170477
0.105733
0.059586
0.023548
0.102765
0.151055
0.159613
0.100900
0.113805
0.070653
0.011193
0.098522
0.181456
0.056269
0.089044
0.055062
-0.011993
0.072378
0.035900
0.118955
0.067113
0.170471
0.070735
0.072606
0.018594
0.089517
0.067193
0.050919
0.146438
0.016289
0.099535
0.162625
0.066886
0.063747
0.186861
0.056533
0.039865
0.183581
0.129067
0.078699
0.079606
0.097888
0.067988
0.195643
0.181290
0.109619
0.033699
0.130114
0.097664
0.147415
0.044565
0.181828
0.206533
0.225459
0.251164
0.222638
0.280821
0.288211
0.261225
0.228399
0.271603
0.188847
0.222769
0.327810
0.427254
0.314469
0.438339
0.356836
0.360530
0.465805
0.400936
0.444739
0.336168
0.371297
0.377179
0.403599
0.311769
0.219895
0.352688
0.333517
0.294980
0.331763
0.203335
0.133532
0.223026
0.256095
0.096699
0.158736
0.134492
0.087600
0.184736
0.101547
0.024753
0.035066
0.106718
0.055567
0.085012
0.149626
0.151283
0.095385
0.127090
0.027633
-0.056620
0.083731
-0.046822
-0.062017
-0.007765
0.017450
-0.138690
0.000377
-0.052389
0.117414
0.352837
0.447842
0.523454
0.755550
1.020668
1.202321
1.148196
1.164231
1.141908
0.865070
0.763893
0.593812
0.449789
0.209890
0.095150
-0.080610
-0.058084
-0.134354
-0.149765
-0.236553
-0.082717
-0.085707
-0.081321
0.004592
0.077564
0.014669
0.113304
0.172257
0.078829
0.046529
0.152387
0.080622
0.121061
0.037036
0.052880
0.183752
0.036581
0.069933
0.063870
0.074885
0.030436
0.053610
0.167694
0.185099
0.251814
0.235016
0.078737
0.221141
0.111758
0.265088
0.129704
0.257939
0.272595
0.297373
0.266404
0.210596
0.361876
0.381591
0.362044
0.316344
0.368906
0.311784
0.380239
0.435293
0.503235
0.355353
0.492623
0.512844
0.398740
0.569833
0.407533
0.415244
0.559866
0.425767
0.403590
0.404040
0.510603
0.583103
0.408405
0.393485
0.494973
0.395672
0.388200
0.361203
0.490036
0.380547
0.368356
0.297484
0.428082
0.382943
0.241643
0.230736
0.327963
0.252562
0.197755
0.132453
0.249780
0.278364
0.077762
0.098886
0.078497
0.074699
0.085114
0.184240
0.104522
0.112153
0.101878
0.072266
-0.013168
0.006878
0.042211
0.069930
0.040115
0.043619
0.131451
0.037082
-0.013409
-0.004840
-0.058595
0.102462
0.123042
0.035512
0.066913
-0.004999
-0.036626
-0.019854
0.043917
0.080477
-0.033113
-0.023772
0.021264
0.058567
-0.020209
-0.049978
0.003787
-0.040070
0.026141
-0.047540
0.076390
0.007098
0.086292
0.028856
0.047368
-0.009963
-0.035922
-0.021784
0.067821
-0.014734
-0.045304
0.068611
-0.027717
0.007358
0.043169
-0.045472
0.043511
0.037511
0.057620
-0.033622
-0.011034
0.093373
0.021822
-0.038629
-0.010788
0.066078
0.035200
0.012309
0.009336
0.109033
0.064050
0.026232
-0.061627
-0.014139
0.067409
0.037529
0.020561
0.091880
-0.009510
-0.007739
0.043232
0.142991
0.096266
-0.017560
0.083959
0.114262
0.042385
0.043491
0.036316
0.037435
0.021058
0.053662
0.203639
0.087317
0.268881
0.128951
0.208440
0.167958
0.237631
0.240070
0.168586
0.217788
0.339320
0.257896
0.268304
0.333232
0.316986
0.274612
0.344381
0.311768
0.354317
0.324256
0.252916
0.306637
0.189912
0.197044
0.137490
0.204399
0.110135
0.065554
0.048991
0.138947
0.113362
0.047789
0.024932
0.117794
0.085971
-0.010455
-0.020318
0.017334
-0.043457
0.008397
0.097544
0.009603
0.014176
0.057612
-0.045940
-0.091338
-0.031090
-0.041333
-0.117230
-0.113752
-0.153921
-0.195121
-0.068528
0.033506
0.150029
0.314335
0.446116
0.651607
0.829002
0.952244
0.978834
1.029094
0.950148
0.931218
0.758060
0.455616
0.266448
0.049781
-0.061789
-0.084207
-0.188569
-0.313932
-0.263202
-0.386084
-0.195008
-0.136035
-0.271475
-0.150360
-0.044917
-0.167988
-0.097898
-0.111191
0.031479
0.011228
-0.080641
-0.038910
0.017074
-0.064990
-0.068760
0.044877
-0.009894
-0.043849
-0.096878
-0.016550
0.027965
-0.020078
0.034616
0.104839
-0.047616
-0.048642
0.117602
0.088445
0.086816
0.130769
0.098423
0.045570
0.011416
0.188182
0.042391
0.142877
0.187803
0.220645
0.163609
0.252125
0.231862
0.179734
0.182019
0.302630
0.215507
0.359902
0.254810
0.340497
0.367357
0.392678
0.435767
0.382139
0.463311
0.297919
0.481033
0.463279
0.300020
0.420445
0.465723
0.320279
0.298669
0.389152
0.259168
0.310063
0.412828
0.233748
0.311850
0.357272
0.251176
0.233619
0.265591
0.180949
0.128327
0.168747
0.257635
0.212647
0.081640
0.065383
0.101325
0.118427
0.049136
0.072237
0.058645
0.095398
-0.031020
-0.019304
0.066078
-0.072888
-0.094926
0.043611
0.018732
0.010552
-0.028369
-0.088670
-0.028978
-0.009804
0.013431
-0.088544
-0.147502
-0.020672
-0.136751
-0.018913
-0.037162
-0.130262
-0.067555
-0.052373
-0.002762
-0.169828
-0.062258
-0.156940
-0.106224
-0.021491
-0.062997
-0.144562
0.003275
-0.159267
-0.106086
-0.166467
-0.115091
-0.129325
-0.015871
-0.150825
-0.125878
-0.150980
-0.011042
-0.049282
-0.102863
-0.041150
0.014617
-0.113784
-0.086598
-0.125176
-0.000040
-0.152031
-0.072054
-0.112741
-0.087391
-0.129547
-0.042851
-0.048935
-0.130859
0.036732
-0.011277
-0.136861
-0.139470
-0.051928
-0.092369
-0.060588
-0.135067
0.039572
-0.001628
0.022824
-0.019649
0.010966
-0.108869
0.009938
-0.099332
-0.000234
-0.069800
-0.145072
-0.113107
-0.109550
-0.048224
-0.062708
-0.093266
-0.103387
0.011843
0.012481
-0.068132
-0.035824
0.051626
-0.066225
0.087864
0.015297
0.012068
0.136885
0.096176
0.068553
0.119410
0.095496
0.147511
0.154405
0.239453
0.204920
0.191219
0.164962
0.170014
0.294139
0.324305
0.186020
0.301527
0.131044
0.147424
0.278665
0.159523
0.192558
0.227578
0.053812
0.095892
0.103146
-0.000657
0.071742
0.076973
-0.000564
0.053076
0.049157
-0.013183
-0.078463
0.042122
0.026409
-0.048053
0.027276
0.012777
-0.012911
-0.071831
-0.026406
-0.099288
-0.116018
-0.049131
-0.103061
-0.058413
-0.103792
-0.111277
-0.222708
-0.182259
-0.214090
-0.212837
-0.150472
-0.202025
-0.136835
-0.057192
0.164008
0.330698
0.426287
0.659073
0.800785
1.070750
1.041646
1.071698
0.954436
0.922613
0.581672
0.521334
0.206646
0.017334
-0.113322
-0.264708
-0.211754
-0.402131
-0.279710
-0.260384
-0.366902
-0.177653
-0.274861
-0.248212
-0.040352
-0.046881
-0.156851
-0.046639
-0.080701
0.004867
0.019553
0.027275
-0.047607
-0.050718
-0.010109
0.050457
0.025838
0.049825
-0.087457
0.062522
-0.028303
0.023585
-0.074827
0.077972
0.098355
-0.044479
-0.036081
0.088142
0.061402
-0.010315
0.142683
0.094584
0.162173
0.032309
0.075340
0.216141
0.186493
0.219440
0.117195
0.295941
0.285813
0.277817
0.179703
0.343048
0.394625
0.243954
0.409188
0.362306
0.298739
0.404756
0.418076
0.477091
0.303901
0.325223
0.435513
0.466221
0.321946
0.448960
0.395213
0.460007
0.373441
0.333912
0.466549
0.296956
0.379398
0.300497
0.382642
0.348456
0.299271
0.348677
0.242744
0.188414
0.265290
0.178279
0.108740
0.282960
0.094325
0.100743
0.061321
0.218347
0.039682
0.133901
0.006249
0.112846
0.139222
0.094583
-0.016641
-0.028892
0.062872
0.069588
-0.013305
0.061210
-0.093775
-0.074241
-0.059787
0.072401
-0.089490
-0.052140
-0.059786
0.036569
-0.098255
-0.024242
-0.054413
0.056627
0.058431
0.066875
-0.056498
-0.055512
0.002492
-0.105736
-0.046986
-0.104322
-0.027053
0.053249
0.013160
-0.019476
-0.000902
-0.100358
-0.095766
-0.038535
0.021515
0.022454
0.003241
0.034269
0.000230
-0.037334
0.084035
0.007461
0.072534
0.063349
-0.093310
-0.053413
-0.098145
-0.077949
0.042975
-0.026032
0.034867
-0.086503
0.029517
-0.024546
-0.014290
0.058625
-0.039268
-0.021447
0.078187
0.084112
0.061228
-0.033051
-0.090807
-0.060148
-0.041042
0.003523
-0.013971
-0.082418
0.110622
-0.065474
0.079648
0.103114
0.083351
-0.049358
-0.042885
-0.007106
0.058249
0.111868
-0.040334
0.118899
0.098818
-0.025067
0.061182
-0.034126
0.154119
0.014493
0.154792
0.118008
0.079705
0.095855
0.057422
0.047231
0.074824
0.106488
0.287835
0.143616
0.273029
0.188447
0.211503
0.274473
0.188584
0.207545
0.324514
0.389598
0.258350
0.410788
0.319301
0.341787
0.242507
0.211451
0.271028
0.226852
0.259817
0.259596
0.177384
0.167518
0.084613
0.085445
0.243361
0.074675
0.162810
0.145182
0.076158
0.142992
0.031756
0.014504
0.123474
0.132319
0.016325
0.117860
0.050235
0.014151
-0.026626
-0.007591
0.063952
-0.058735
0.074886
0.011901
0.022127
-0.023224
0.014894
-0.006676
-0.075442
-0.188612
-0.025033
0.010478
0.133292
0.083698
0.367907
0.468317
0.679560
0.879146
0.950021
1.055948
1.191463
1.067432
0.966449
0.940277
0.601269
0.509751
0.154338
0.087976
-0.002729
-0.236270
-0.132368
-0.222756
-0.257592
-0.133081
-0.039704
-0.123667
0.039453
-0.035389
0.022952
0.058119
0.033271
-0.018413
0.091437
0.118550
0.072407
0.093812
0.036652
0.094524
0.153623
0.166095
0.045386
0.108674
0.078595
0.114866
0.159609
0.132946
0.102805
0.211213
0.069890
0.076366
0.177693
0.231481
0.155446
0.189131
0.156499
0.160489
0.249408
0.309633
0.250118
0.279892
0.331242
0.365027
0.333427
0.375414
0.286356
0.322467
0.393606
0.438184
0.500910
0.375665
0.494366
0.475961
0.562864
0.503071
0.580439
0.573713
0.476531
0.493519
0.450035
0.502232
0.565333
0.427632
0.570160
0.550033
0.385857
0.545482
0.536339
0.520411
0.381391
0.341054
0.353816
0.424610
0.424415
0.425812
0.264348
0.363466
0.333539
0.234568
0.244439
0.325093
0.133145
0.236096
0.166950
0.153239
0.259982
0.154738
0.172008
0.055252
0.147202
0.035224
0.013915
0.110668
0.027385
0.146741
0.011627
0.137008
0.060983
0.037472
0.050252
0.149878
0.100916
0.128886
0.138832
0.145169
0.152581
0.094019
0.040342
0.151201
0.007898
0.116343
0.143997
0.062118
0.036651
0.009686
0.011470
0.016830
0.070861
0.003799
0.099090
-0.000225
0.053612
0.123887
0.024144
0.021299
0.126378
0.076038
0.162843
0.070098
0.041582
0.124141
0.098557
0.100364
0.099081
0.117358
0.100820
0.127164
0.110927
0.172117
0.081291
0.012854
0.064272
0.063951
0.008689
0.043496
0.118221
0.003828
0.165893
0.160555
0.008143
0.123246
0.076873
0.155589
0.026003
0.121847
0.096191
0.087363
0.050844
0.180530
0.007441
0.061370
0.098842
0.197210
0.032091
0.037047
0.038078
0.066042
0.161776
0.154571
0.060644
0.042463
0.231563
0.205536
0.189065
0.153464
0.220399
0.191761
0.256778
0.255937
0.199816
0.194233
0.339862
0.314375
0.328024
0.242805
0.341614
0.356964
0.312886
0.434280
0.453304
0.461648
0.390537
0.299780
0.338284
0.354555
0.224372
0.214204
0.218433
0.210472
0.299018
0.127714
0.120619
0.257793
0.106555
0.129571
0.093875
0.077042
0.068129
0.214290
0.127285
0.163666
0.172853
0.094909
0.000530
0.057159
0.030515
0.157842
0.053277
0.035451
0.066832
-0.019693
-0.064619
-0.057186
-0.060300
-0.019391
-0.088209
-0.051489
-0.078816
0.063811
0.079756
0.331673
0.376815
0.575349
0.806108
1.011045
1.042877
1.099489
1.259365
1.152101
0.920723
0.737684
0.507083
0.399221
0.119686
-0.014756
-0.055258
-0.235237
-0.274522
-0.146049
-0.209412
-0.120757
-0.109235
-0.013117
0.000401
-0.033678
0.114527
0.041748
-0.024025
0.123580
0.145489
0.093750
0.037582
0.081345
-0.009546
0.046285
0.164273
0.151621
0.025019
0.152004
0.049290
0.127691
0.116032
0.124363
0.189470
0.045582
0.208775
0.188467
0.140880
0.104188
0.105129
0.231922
0.158522
0.225283
0.237477
0.283632
0.353702
0.268934
0.337342
0.311064
0.419185
0.262004
0.444102
0.296244
0.309474
0.482910
0.503966
0.460379
0.451813
0.382116
0.499701
0.451106
0.492237
0.578207
0.387353
0.509684
0.413089
0.543530
0.395164
0.439179
0.417275
0.371788
0.401073
0.436792
0.401363
0.308357
0.317900
0.459597
0.313893
0.391758
0.419084
0.319833
0.282792
0.192567
0.261038
0.273391
0.257823
0.148187
0.182126
0.179305
0.142295
0.174127
0.214432
0.146056
0.037910
0.042203
0.061835
0.040303
0.083905
0.158727
0.008607
0.064848
0.002606
0.123377
-0.041349
0.027200
0.089157
0.091900
-0.000714
-0.019075
-0.004089
0.116999
0.005197
0.080708
-0.070270
0.001836
-0.080193
-0.008233
-0.001961
0.027107
0.091825
0.012525
0.068159
0.049690
0.077465
0.114425
0.082099
-0.042129
0.091660
-0.056672
-0.005586
-0.055726
0.111619
-0.067174
0.072106
0.072196
-0.019180
-0.000290
0.028593
0.005216
-0.058048
0.071452
0.051018
0.090684
0.105806
0.012997
0.083919
-0.062890
-0.020739
-0.064740
-0.010669
0.081419
0.059693
0.114818
0.104925
-0.061339
-0.052993
-0.068299
0.042876
0.086410
0.039420
-0.007314
0.115481
-0.026038
0.116301
0.032417
0.012042
0.103544
0.025461
0.110218
0.114810
-0.046444
0.080979
0.069289
0.094349
-0.027550
0.148323
0.093919
0.143263
-0.011783
0.086481
0.097883
0.129940
0.210292
0.194025
0.236540
0.110810
0.107394
0.162991
0.167672
0.205966
0.286113
0.261895
0.217945
0.349171
0.231806
0.334179
0.320867
0.229954
0.326539
0.347344
0.301411
0.225465
0.270954
0.299612
0.281098
0.189706
0.065782
0.053372
0.062184
0.083653
0.107076
0.113209
0.147737
0.111337
0.122664
0.067503
-0.045501
-0.076667
-0.047335
0.040368
0.073456
-0.003955
0.064012
-0.096993
-0.102175
-0.041948
-0.071481
-0.088303
-0.130136
-0.025744
-0.131908
-0.243248
-0.120132
-0.126122
-0.031448
-0.027742
-0.008901
0.219801
0.242157
0.471066
0.668249
0.814574
1.025270
1.095241
0.981414
1.041787
0.824735
0.682386
0.456467
0.295259
0.113759
-0.161976
-0.172139
-0.284901
-0.429278
-0.446584
-0.341035
-0.251138
-0.231631
-0.283193
-0.207343
-0.112296
-0.166521
-0.028515
-0.177581
-0.055843
-0.055192
-0.012588
-0.047817
0.004228
-0.131255
0.029858
-0.025361
0.020094
-0.128612
0.002967
-0.045869
-0.094366
-0.033236
-0.100721
-0.106945
-0.016877
0.084152
-0.075492
0.100308
0.075827
0.121731
0.120045
0.054118
0.154870
0.026357
0.088797
0.098677
0.115559
0.096023
0.186210
0.118726
0.172543
0.234298
0.152943
0.236891
0.222364
0.320565
0.209204
0.324880
0.269168
0.286109
0.330247
0.364535
0.310504
0.269017
0.426373
0.311197
0.362247
0.353110
0.384284
0.353470
0.357303
0.297879
0.303040
0.256038
0.347207
0.372710
0.217489
0.278367
0.233078
0.358158
0.229200
0.315849
0.142640
0.108993
0.091919
0.100630
0.179614
0.190600
0.087777
0.089751
0.059989
0.146764
0.140762
-0.017628
0.080755
0.002632
0.004427
0.078802
-0.087236
0.006801
-0.067432
-0.131653
-0.095222
-0.010341
-0.009685
-0.029093
-0.156491
-0.095580
-0.000757
-0.101915
-0.165077
-0.136600
-0.060215
-0.027550
-0.122381
-0.008310
-0.166226
-0.034887
-0.058660
-0.070075
-0.084853
-0.198858
-0.029256
-0.048232
-0.176958
-0.020113
-0.126360
-0.167064
-0.038508
-0.089267
-0.134009
-0.111889
-0.047739
-0.117817
-0.126615
-0.159437
-0.116554
-0.073346
-0.121896
-0.135514
-0.139294
-0.017495
-0.081696
-0.056765
-0.134279
-0.007349
0.007639
-0.097677
-0.009042
-0.012641
-0.150097
-0.178745
-0.101541
-0.112532
-0.030252
-0.154310
0.012738
-0.138115
-0.074636
-0.038072
-0.022807
-0.043975
-0.117726
0.016966
-0.102784
-0.138620
-0.055772
-0.076048
-0.123755
0.016324
-0.074175
0.012234
-0.142735
-0.106061
-0.083098
-0.083479
0.030647
-0.123037
-0.006018
0.035570
-0.036068
-0.129087
-0.126876
-0.006539
-0.084811
0.034293
-0.040612
-0.003349
0.008798
-0.002878
0.083482
0.085868
0.000088
0.005070
0.097084
0.214238
0.065844
0.064840
0.211928
0.236300
0.150082
0.288103
0.238398
0.242572
0.210195
0.142716
0.269513
0.289220
0.179013
0.274604
0.251840
0.111614
0.189845
0.058042
0.152407
0.119071
0.171599
0.137912
0.027953
0.094114
0.073917
-0.069840
0.004095
-0.047090
0.002303
-0.024299
-0.098664
0.023564
-0.012593
-0.039484
0.028292
-0.141543
-0.097153
-0.044612
-0.064222
-0.026647
-0.089532
-0.014171
-0.029338
-0.111043
-0.169043
-0.136026
-0.270076
-0.143601
-0.164604
-0.105583
-0.180873
0.009561
0.204288
0.354972
0.392672
0.682388
0.947120
1.046335
1.020840
1.070993
0.965220
0.841671
0.720599
0.607752
0.335029
0.225898
-0.002286
-0.129338
-0.268006
-0.430919
-0.411372
-0.410560
-0.474380
-0.311881
-0.355419
-0.172724
-0.313488
-0.290865
-0.224329
-0.080470
-0.131905
-0.152361
-0.150145
-0.006090
-0.046747
-0.169285
-0.067069
-0.098009
-0.050953
-0.041312
-0.144410
-0.074262
-0.064497
-0.058920
-0.077839
-0.044159
-0.014077
-0.040202
-0.022266
-0.108546
-0.024877
-0.076156
0.044263
0.106973
0.105508
0.014873
0.095477
0.047229
0.143038
0.076977
0.146262
0.150059
0.048272
0.174053
0.115414
0.191814
0.138981
0.316453
0.275179
0.211761
0.304366
0.301192
0.365391
0.266687
0.277169
0.297160
0.297819
0.459779
0.463413
0.460835
0.295491
0.353524
0.365283
0.341125
0.495042
0.357693
0.433686
0.378390
0.469527
0.349099
0.441837
0.301974
0.260459
0.270899
0.306769
0.361431
0.311894
0.279204
0.286697
0.198957
0.207134
0.232026
0.146422
0.138328
0.186576
0.109208
0.100814
0.044186
0.135431
0.125685
0.044321
-0.041349
0.065214
0.007306
0.096243
0.050199
-0.036005
-0.040800
-0.092781
0.002718
-0.100325
0.035077
-0.143732
-0.138785
0.000049
-0.147744
0.015628
-0.008089
-0.144144
-0.076032
-0.050161
-0.045769
-0.126420
-0.137390
-0.067065
-0.071456
-0.143422
-0.107687
-0.139981
-0.156133
-0.089107
-0.017296
-0.033190
0.028202
-0.061386
-0.034205
-0.091082
-0.109929
0.032252
-0.123734
-0.050125
0.044965
0.028630
-0.021680
-0.124573
-0.004818
-0.021872
0.012111
0.003372
-0.138305
-0.043485
-0.067770
0.036791
-0.104193
-0.116504
-0.058093
-0.001208
0.013728
0.008298
0.012441
-0.069946
0.002149
-0.108052
0.060056
-0.033075
-0.008570
-0.006482
-0.046265
-0.107464
-0.071101
-0.069330
-0.020502
-0.077624
-0.048328
-0.079084
-0.015054
0.021951
-0.024125
0.079712
0.040024
-0.108566
0.070248
-0.006047
0.018007
0.038263
-0.098896
0.032431
0.053480
-0.070315
0.044888
0.054102
0.062389
0.089435
0.049392
0.131645
0.125685
-0.034292
0.114060
0.075432
0.022618
0.003853
0.208416
0.042355
0.182738
0.245649
0.226525
0.265317
0.275044
0.153074
0.291135
0.358750
0.195474
0.355308
0.255442
0.217171
0.321620
0.374610
0.324032
0.255356
0.268401
0.320037
0.326714
0.298886
0.229085
0.327204
0.328832
0.302657
0.172028
0.109658
0.116043
0.148030
0.219572
0.076812
0.134384
0.113207
0.070732
0.139989
-0.011833
0.050221
0.015775
-0.015552
0.102071
0.104765
0.082846
0.088678
0.113893
0.084309
0.065582
0.040182
-0.089242
-0.030823
-0.094624
-0.090633
-0.040897
-0.024678
-0.210488
-0.214115
-0.132998
-0.048787
-0.187264
-0.024172
0.065753
0.275346
0.393074
0.506227
0.646954
0.844907
1.167075
1.263074
